1  0.0  
1  0.01  
1  0.02  
1  0.03  
1  0.04  
1  0.05  
1  0.060000000000000005  
1  0.07  
1  0.08  
1  0.09  
1  0.09999999999999999  
1  0.10999999999999999  
1  0.11999999999999998  
1  0.12999999999999998  
1  0.13999999999999999  
1  0.15  
1  0.16  
1  0.17  
1  0.18000000000000002  
1  0.19000000000000003  
1  0.20000000000000004  
1  0.21000000000000005  
1  0.22000000000000006  
1  0.23000000000000007  
1  0.24000000000000007  
1  0.25000000000000006  
1  0.26000000000000006  
1  0.2700000000000001  
1  0.2800000000000001  
2  0.2900000000000001  
2  0.3000000000000001  
2  0.3100000000000001  
2  0.3200000000000001  
2  0.3300000000000001  
2  0.34000000000000014  
2  0.35000000000000014  
2  0.36000000000000015  
2  0.37000000000000016  
2  0.38000000000000017  
2  0.3900000000000002  
2  0.4000000000000002  
2  0.4100000000000002  
2  0.4200000000000002  
3  0.4300000000000002  
3  0.4400000000000002  
3  0.45000000000000023  
3  0.46000000000000024  
3  0.47000000000000025  
3  0.48000000000000026  
3  0.49000000000000027  
3  0.5000000000000002  
4  0.5100000000000002  
4  0.5200000000000002  
4  0.5300000000000002  
4  0.5400000000000003  
4  0.5500000000000003  
4  0.5600000000000003  
5  0.5700000000000003  
5  0.5800000000000003  
5  0.5900000000000003  
5  0.6000000000000003  
5  0.6100000000000003  
5  0.6200000000000003  
6  0.6300000000000003  
6  0.6400000000000003  
6  0.6500000000000004  
6  0.6600000000000004  
6  0.6700000000000004  
7  0.6800000000000004  
7  0.6900000000000004  
7  0.7000000000000004  
8  0.7100000000000004  
8  0.7200000000000004  
8  0.7300000000000004  
9  0.7400000000000004  
9  0.7500000000000004  
10  0.7600000000000005  
10  0.7700000000000005  
11  0.7800000000000005  
12  0.7900000000000005  
13  0.8000000000000005  
14  0.8100000000000005  
15  0.8200000000000005  
16  0.8300000000000005  
18  0.8400000000000005  
19  0.8500000000000005  
21  0.8600000000000005  
24  0.8700000000000006  
26  0.8800000000000006  
30  0.8900000000000006  
34  0.9000000000000006  
40  0.9100000000000006  
47  0.9200000000000006  
57  0.9300000000000006  
71  0.9400000000000006  
88  0.9500000000000006  
116  0.9600000000000006  
171  0.9700000000000006  
275  0.9800000000000006  
546  0.9900000000000007  
