1 1508 0.0 2.0E-4
1 1508 0.0 2.0E-4
2 3016 0.0 2.0E-4
3 4524 0.0 2.0E-4
4 6032 0.0 2.0E-4
5 7540 0.0 2.0E-4
6 9048 0.0 2.0E-4
7 10556 0.0 2.0E-4
1 251 0.5697211155378487 2.848235856573705
1 143 0.0 2.0E-4
2 1287 0.0 2.0E-4
1 201 0.0 2.0E-4
2 402 0.0 2.0E-4
3 640 0.0 2.0E-4
4 1041 0.1930835734870317 0.9654247838616714
5 464713 0.15389068091488725 0.7694995138935213
1 153 0.0 2.0E-4
2 392 0.0 2.0E-4
3 546 0.0 2.0E-4
4 771 0.0 2.0E-4
5 996 0.0 2.0E-4
6 1221 0.0 2.0E-4
7 1443 0.0 2.0E-4
8 1680 0.0 2.0E-4
9 1833 0.0 2.0E-4
10 2050 0.0 2.0E-4
11 2484 0.08735909822866345 0.4369081320450885
1 200 0.0 2.0E-4
2 400 0.0 2.0E-4
3 598 0.0 2.0E-4
1 154 0.0 2.0E-4
2 307 0.0 2.0E-4
3 1168 0.0 2.0E-4
4 2882 0.29736294240111033 1.4867173490631505
1 274 0.0 2.0E-4
2 561 0.0 2.0E-4
3 741 0.0 2.0E-4
4 884 0.0 2.0E-4
5 1270 0.15354330708661418 0.7677629921259842
1 143 0.0 2.0E-4
2 286 0.0 2.0E-4
3 1430 0.0 2.0E-4
4 1573 0.0 2.0E-4
5 3904 0.304047131147541 1.5201316086065573
1 1144 0.0 2.0E-4
2 1252 0.0 2.0E-4
3 9147 0.6978244233081885 3.4886242921176343
1 1144 0.0 2.0E-4
2 1261 0.0 2.0E-4
3 2405 0.0 2.0E-4
1 2656 0.4307228915662651 2.153383734939759
1 143 0.0 2.0E-4
2 1287 0.0 2.0E-4
3 1430 0.0 2.0E-4
4 1573 0.0 2.0E-4
5 2717 0.0 2.0E-4
6 3761 0.0 2.0E-4
7 4805 0.0 2.0E-4
8 4961 0.0 2.0E-4
9 5117 0.0 2.0E-4
10 5269 0.0 2.0E-4
11 5421 0.0 2.0E-4
12 5593 0.0 2.0E-4
13 5765 0.0 2.0E-4
14 5917 0.0 2.0E-4
15 6069 0.0 2.0E-4
16 7213 0.0 2.0E-4
17 8357 0.0 2.0E-4
18 9501 0.0 2.0E-4
1 1512 0.0 2.0E-4
2 3024 0.0 2.0E-4
1 1144 0.0 2.0E-4
1 108 0.0 2.0E-4
2 1252 0.0 2.0E-4
3 1360 0.0 2.0E-4
4 1468 0.0 2.0E-4
5 1609 0.0 2.0E-4
6 1673 0.0 2.0E-4
7 2817 0.0 2.0E-4
8 4329 0.0 2.0E-4
1 64 0.0 2.0E-4
2 1208 0.0 2.0E-4
3 1360 0.0 2.0E-4
4 1512 0.0 2.0E-4
5 2656 0.0 2.0E-4
1 1512 0.0 2.0E-4
2 3024 0.0 2.0E-4
1 64 0.0 2.0E-4
2 1840 0.34347826086956523 1.7172478260869564
1 1508 0.0 2.0E-4
2 3016 0.0 2.0E-4
3 4524 0.0 2.0E-4
4 6032 0.0 2.0E-4
5 7540 0.0 2.0E-4
6 9048 0.0 2.0E-4
1 1508 0.0 2.0E-4
2 3016 0.0 2.0E-4
3 4524 0.0 2.0E-4
1 251 0.5697211155378487 2.848235856573705
1 143 0.0 2.0E-4
2 1287 0.0 2.0E-4
3 1430 0.0 2.0E-4
4 1716 0.08333333333333333 0.4167833333333333
1 201 0.0 2.0E-4
2 402 0.0 2.0E-4
3 640 0.0 2.0E-4
4 1041 0.1930835734870317 0.9654247838616714
1 153 0.0 2.0E-4
2 392 0.0 2.0E-4
3 546 0.0 2.0E-4
4 771 0.0 2.0E-4
5 996 0.0 2.0E-4
6 1221 0.0 2.0E-4
7 1443 0.0 2.0E-4
8 1680 0.0 2.0E-4
9 1833 0.0 2.0E-4
10 2050 0.0 2.0E-4
11 2484 0.08735909822866345 0.4369081320450885
1 200 0.0 2.0E-4
2 400 0.0 2.0E-4
3 598 0.0 2.0E-4
4 810 0.0 2.0E-4
5 963 0.0 2.0E-4
6 1116 0.0 2.0E-4
7 1270 0.0 2.0E-4
8 1478 0.0 2.0E-4
9 1686 0.0 2.0E-4
1 154 0.0 2.0E-4
2 307 0.0 2.0E-4
3 1168 0.0 2.0E-4
1 274 0.0 2.0E-4
2 561 0.0 2.0E-4
3 741 0.0 2.0E-4
4 884 0.0 2.0E-4
5 1270 0.15354330708661418 0.7677629921259842
1 143 0.0 2.0E-4
2 286 0.0 2.0E-4
3 1430 0.0 2.0E-4
4 1573 0.0 2.0E-4
5 3904 0.304047131147541 1.5201316086065573
1 1144 0.0 2.0E-4
2 1252 0.0 2.0E-4
3 9147 0.6978244233081885 3.4886242921176343
1 1144 0.0 2.0E-4
2 1261 0.0 2.0E-4
3 2405 0.0 2.0E-4
4 2561 0.0 2.0E-4
5 2713 0.0 2.0E-4
6 2885 0.0 2.0E-4
7 3037 0.0 2.0E-4
8 3193 0.0 2.0E-4
9 3345 0.0 2.0E-4
10 3517 0.0 2.0E-4
11 3669 0.0 2.0E-4
12 3825 0.0 2.0E-4
13 3977 0.0 2.0E-4
14 4149 0.0 2.0E-4
15 4301 0.0 2.0E-4
16 4465 0.0 2.0E-4
17 4629 0.0 2.0E-4
18 5773 0.0 2.0E-4
19 6917 0.0 2.0E-4
20 8061 0.0 2.0E-4
21 9205 0.0 2.0E-4
22 10349 0.0 2.0E-4
23 11493 0.0 2.0E-4
24 12637 0.0 2.0E-4
25 13781 0.0 2.0E-4
26 13924 0.0 2.0E-4
27 15211 0.07520873052396292 0.37616844388929055
1 2656 0.4307228915662651 2.153383734939759
2 40533 0.41457577776133026 2.07266431302889
1 143 0.0 2.0E-4
2 1287 0.0 2.0E-4
3 1430 0.0 2.0E-4
4 1573 0.0 2.0E-4
5 2717 0.0 2.0E-4
6 3761 0.0 2.0E-4
7 4805 0.0 2.0E-4
8 4961 0.0 2.0E-4
9 5117 0.0 2.0E-4
10 5269 0.0 2.0E-4
11 5421 0.0 2.0E-4
12 5593 0.0 2.0E-4
13 5765 0.0 2.0E-4
14 5917 0.0 2.0E-4
15 6069 0.0 2.0E-4
16 7213 0.0 2.0E-4
17 8357 0.0 2.0E-4
1 1512 0.0 2.0E-4
1 1144 0.0 2.0E-4
2 2188 0.0 2.0E-4
1 108 0.0 2.0E-4
2 1252 0.0 2.0E-4
3 1360 0.0 2.0E-4
4 1468 0.0 2.0E-4
5 1609 0.0 2.0E-4
6 1673 0.0 2.0E-4
7 2817 0.0 2.0E-4
8 4329 0.0 2.0E-4
1 64 0.0 2.0E-4
2 1208 0.0 2.0E-4
3 1360 0.0 2.0E-4
4 1512 0.0 2.0E-4
5 2656 0.0 2.0E-4
1 1512 0.0 2.0E-4
1 64 0.0 2.0E-4
2 1840 0.34347826086956523 1.7172478260869564
1 1508 0.0 2.0E-4
1 1508 0.0 2.0E-4
2 3016 0.0 2.0E-4
3 4524 0.0 2.0E-4
4 6032 0.0 2.0E-4
5 7540 0.0 2.0E-4
1 251 0.0 2.0E-4
2 1395 0.1025089605734767 0.51264229390681
1 143 0.0 2.0E-4
2 1287 0.0 2.0E-4
3 1430 0.0 2.0E-4
4 1716 0.08333333333333333 0.4167833333333333
1 201 0.0 2.0E-4
2 402 0.0 2.0E-4
3 640 0.0 2.0E-4
4 1041 0.1930835734870317 0.9654247838616714
1 153 0.0 2.0E-4
2 392 0.0 2.0E-4
1 200 0.0 2.0E-4
2 400 0.0 2.0E-4
3 598 0.0 2.0E-4
4 810 0.0 2.0E-4
5 963 0.0 2.0E-4
6 1116 0.0 2.0E-4
7 1270 0.0 2.0E-4
8 1478 0.0 2.0E-4
9 1686 0.0 2.0E-4
10 1894 0.0 2.0E-4
11 2321 0.08918569582076691 0.44603929340801374
1 154 0.0 2.0E-4
2 307 0.0 2.0E-4
3 1168 0.0 2.0E-4
1 274 0.0 2.0E-4
2 561 0.0 2.0E-4
3 741 0.0 2.0E-4
4 884 0.0 2.0E-4
5 1270 0.15354330708661418 0.7677629921259842
1 143 0.0 2.0E-4
2 286 0.0 2.0E-4
3 1430 0.0 2.0E-4
1 1144 0.0 2.0E-4
1 1144 0.0 2.0E-4
2 1261 0.0 2.0E-4
3 2405 0.0 2.0E-4
4 2561 0.0 2.0E-4
5 2713 0.0 2.0E-4
6 2885 0.0 2.0E-4
7 3037 0.0 2.0E-4
8 3193 0.0 2.0E-4
9 3345 0.0 2.0E-4
10 3517 0.0 2.0E-4
11 3669 0.0 2.0E-4
12 3825 0.0 2.0E-4
13 3977 0.0 2.0E-4
14 4149 0.0 2.0E-4
15 4301 0.0 2.0E-4
16 4465 0.0 2.0E-4
17 4629 0.0 2.0E-4
18 5773 0.0 2.0E-4
19 6917 0.0 2.0E-4
20 8061 0.0 2.0E-4
1 2656 0.4307228915662651 2.153383734939759
1 143 0.0 2.0E-4
2 1287 0.0 2.0E-4
3 1430 0.0 2.0E-4
4 1573 0.0 2.0E-4
5 2717 0.0 2.0E-4
1 1512 0.0 2.0E-4
2 3024 0.0 2.0E-4
1 1144 0.0 2.0E-4
1 108 0.0 2.0E-4
2 1252 0.0 2.0E-4
3 1360 0.0 2.0E-4
4 1468 0.0 2.0E-4
5 1609 0.0 2.0E-4
6 1673 0.0 2.0E-4
7 2817 0.0 2.0E-4
8 4329 0.0 2.0E-4
9 5841 0.0 2.0E-4
10 7353 0.0 2.0E-4
1 64 0.0 2.0E-4
2 1208 0.0 2.0E-4
1 1512 0.0 2.0E-4
2 3024 0.0 2.0E-4
3 4536 0.0 2.0E-4
4 6048 0.0 2.0E-4
5 6320 0.0 2.0E-4
6 7464 0.0 2.0E-4
7 8976 0.0 2.0E-4
8 10488 0.0 2.0E-4
9 12000 0.0 2.0E-4
10 13512 0.0 2.0E-4
1 64 0.0 2.0E-4
2 1840 0.34347826086956523 1.7172478260869564
1 1508 0.0 2.0E-4
2 3016 0.0 2.0E-4
3 4524 0.0 2.0E-4
4 6032 0.0 2.0E-4
5 7540 0.0 2.0E-4
6 9048 0.0 2.0E-4
1 1508 0.0 2.0E-4
1 251 0.0 2.0E-4
2 1395 0.0 2.0E-4
3 1503 0.0 2.0E-4
4 10575 0.7284160756501182 3.641551962174941
1 143 0.0 2.0E-4
2 1287 0.0 2.0E-4
3 1430 0.0 2.0E-4
4 1716 0.0 2.0E-4
1 201 0.0 2.0E-4
2 402 0.0 2.0E-4
3 640 0.0 2.0E-4
4 1041 0.0 2.0E-4
5 1254 0.0 2.0E-4
6 1469 0.0 2.0E-4
7 1704 0.0 2.0E-4
8 1909 0.0 2.0E-4
9 2149 0.0 2.0E-4
10 2354 0.0 2.0E-4
11 3209 0.0 2.0E-4
12 3631 0.0 2.0E-4
13 4274 0.0 2.0E-4
14 4504 0.0 2.0E-4
15 4961 0.0 2.0E-4
16 5742 0.0 2.0E-4
17 6268 0.0 2.0E-4
18 6495 0.0 2.0E-4
19 6722 0.0 2.0E-4
20 6955 0.0 2.0E-4
21 7188 0.0 2.0E-4
22 7421 0.0 2.0E-4
23 7654 0.0 2.0E-4
24 7885 0.0 2.0E-4
25 8130 0.0 2.0E-4
26 8344 0.0 2.0E-4
27 8651 0.0 2.0E-4
28 8934 0.0 2.0E-4
29 9217 0.0 2.0E-4
30 9500 0.0 2.0E-4
31 9779 0.0 2.0E-4
32 10074 0.25987691085963865 1.2993246773873335
33 464713 0.15389068091488725 0.7694995138935213
1 153 0.0 2.0E-4
2 392 0.0 2.0E-4
3 546 0.0 2.0E-4
4 771 0.0 2.0E-4
5 996 0.0 2.0E-4
6 1221 0.0 2.0E-4
7 1443 0.0 2.0E-4
8 1680 0.0 2.0E-4
9 1833 0.0 2.0E-4
10 2050 0.0 2.0E-4
11 2484 0.0 2.0E-4
12 2699 0.0 2.0E-4
1 200 0.0 2.0E-4
2 400 0.0 2.0E-4
3 598 0.0 2.0E-4
4 810 0.0 2.0E-4
5 963 0.0 2.0E-4
6 1116 0.0 2.0E-4
7 1270 0.0 2.0E-4
8 1478 0.0 2.0E-4
9 1686 0.0 2.0E-4
10 1894 0.0 2.0E-4
11 2321 0.0 2.0E-4
12 2474 0.0 2.0E-4
13 3110 0.0 2.0E-4
14 3320 0.0 2.0E-4
15 3544 0.0 2.0E-4
16 3697 0.0 2.0E-4
17 3851 0.0 2.0E-4
1 154 0.0 2.0E-4
2 307 0.0 2.0E-4
3 1168 0.0 2.0E-4
4 2882 0.0 2.0E-4
5 4607 0.0 2.0E-4
6 4760 0.0 2.0E-4
7 5067 0.0 2.0E-4
8 5220 0.0 2.0E-4
9 6148 0.0 2.0E-4
10 6612 0.0 2.0E-4
11 7074 0.0 2.0E-4
12 7550 0.0 2.0E-4
13 7704 0.0 2.0E-4
14 7857 0.0 2.0E-4
15 8010 0.0 2.0E-4
16 8164 0.0 2.0E-4
17 8722 0.0 2.0E-4
18 9123 0.0 2.0E-4
19 9524 0.0 2.0E-4
20 9922 0.0 2.0E-4
21 10335 0.24034833091436866 1.2017013062409287
1 274 0.0 2.0E-4
2 561 0.0 2.0E-4
3 741 0.0 2.0E-4
4 884 0.0 2.0E-4
5 1270 0.0 2.0E-4
6 1461 0.0 2.0E-4
7 1651 0.0 2.0E-4
8 1854 0.0 2.0E-4
9 2026 0.0 2.0E-4
10 2409 0.0 2.0E-4
11 2636 0.0 2.0E-4
12 3087 0.0 2.0E-4
13 3326 0.0 2.0E-4
14 3700 0.0 2.0E-4
15 3921 0.0 2.0E-4
16 4142 0.0 2.0E-4
17 4359 0.0 2.0E-4
18 4592 0.0 2.0E-4
19 4746 0.0 2.0E-4
20 4899 0.0 2.0E-4
21 5111 0.0 2.0E-4
22 5323 0.0 2.0E-4
23 5535 0.0 2.0E-4
24 5746 0.0 2.0E-4
25 6343 0.0 2.0E-4
26 6559 0.0 2.0E-4
27 6990 0.0 2.0E-4
28 7144 0.0 2.0E-4
29 7529 0.0 2.0E-4
30 7744 0.0 2.0E-4
31 7959 0.0 2.0E-4
32 8174 0.0 2.0E-4
33 8615 0.0 2.0E-4
34 8768 0.0 2.0E-4
35 8973 0.0 2.0E-4
36 9126 0.0 2.0E-4
37 9331 0.0 2.0E-4
38 9536 0.0 2.0E-4
39 9954 0.0 2.0E-4
40 10108 0.1945983379501385 0.9729970914127423
1 143 0.0 2.0E-4
2 286 0.0 2.0E-4
3 1430 0.0 2.0E-4
1 1144 0.0 2.0E-4
2 1252 0.0 2.0E-4
3 9147 0.0 2.0E-4
4 10659 0.5988366638521437 2.9937844825968662
1 1144 0.0 2.0E-4
2 1261 0.0 2.0E-4
3 2405 0.0 2.0E-4
4 2561 0.0 2.0E-4
5 2713 0.0 2.0E-4
6 2885 0.0 2.0E-4
7 3037 0.0 2.0E-4
8 3193 0.0 2.0E-4
9 3345 0.0 2.0E-4
10 3517 0.0 2.0E-4
1 2656 0.0 2.0E-4
2 4168 0.0 2.0E-4
1 143 0.0 2.0E-4
2 1287 0.0 2.0E-4
1 1512 0.0 2.0E-4
2 3024 0.0 2.0E-4
3 4536 0.0 2.0E-4
4 6048 0.0 2.0E-4
5 6318 0.0 2.0E-4
6 7605 0.0 2.0E-4
7 7713 0.0 2.0E-4
8 9225 0.0 2.0E-4
9 10737 0.013318431591692279 0.06677883952686971
1 1144 0.0 2.0E-4
1 108 0.0 2.0E-4
2 1252 0.0 2.0E-4
3 1360 0.0 2.0E-4
4 1468 0.0 2.0E-4
5 1609 0.0 2.0E-4
6 1673 0.0 2.0E-4
7 2817 0.0 2.0E-4
8 4329 0.0 2.0E-4
9 5841 0.0 2.0E-4
1 64 0.0 2.0E-4
2 1208 0.0 2.0E-4
1 1512 0.0 2.0E-4
2 3024 0.0 2.0E-4
3 4536 0.0 2.0E-4
1 64 0.0 2.0E-4
2 1840 0.0 2.0E-4
3 1983 0.0 2.0E-4
4 2126 0.0 2.0E-4
5 2269 0.0 2.0E-4
6 3413 0.0 2.0E-4
7 3540 0.0 2.0E-4
8 4684 0.0 2.0E-4
9 5828 0.0 2.0E-4
10 6972 0.0 2.0E-4
11 8116 0.0 2.0E-4
12 9260 0.0 2.0E-4
13 10404 0.06074586697424068 0.3038685890042291
1 1508 0.0 2.0E-4
1 1508 0.0 2.0E-4
2 3016 0.0 2.0E-4
1 251 0.0 2.0E-4
2 1395 0.0 2.0E-4
3 1503 0.0 2.0E-4
4 10575 0.0 2.0E-4
1 143 0.0 2.0E-4
2 1287 0.0 2.0E-4
3 1430 0.0 2.0E-4
4 1716 0.0 2.0E-4
5 1884 0.0 2.0E-4
6 2276 0.0 2.0E-4
7 2472 0.0 2.0E-4
8 2668 0.0 2.0E-4
9 4008 0.0 2.0E-4
10 4620 0.0 2.0E-4
11 4824 0.0 2.0E-4
12 5028 0.0 2.0E-4
13 5980 0.0 2.0E-4
14 7123 0.0 2.0E-4
15 9863 0.0 2.0E-4
16 9980 0.0 2.0E-4
17 12433 0.0 2.0E-4
18 12629 0.0 2.0E-4
19 13161 0.0 2.0E-4
20 14161 0.0 2.0E-4
21 14629 0.0 2.0E-4
22 15005 0.0 2.0E-4
23 15166 0.0 2.0E-4
24 15323 0.0 2.0E-4
25 15480 0.0 2.0E-4
26 15633 0.0 2.0E-4
27 15786 0.0 2.0E-4
28 16083 0.0 2.0E-4
29 16721 0.0 2.0E-4
30 17359 0.0 2.0E-4
31 17990 0.0 2.0E-4
32 18636 0.0 2.0E-4
33 19282 0.0 2.0E-4
34 20346 0.0 2.0E-4
35 20503 0.0 2.0E-4
36 21600 0.0 2.0E-4
1 201 0.0 2.0E-4
2 402 0.0 2.0E-4
3 640 0.0 2.0E-4
4 1041 0.0 2.0E-4
5 1254 0.0 2.0E-4
6 1469 0.0 2.0E-4
7 1704 0.0 2.0E-4
8 1909 0.0 2.0E-4
9 2149 0.0 2.0E-4
10 2354 0.0 2.0E-4
11 3209 0.0 2.0E-4
12 3631 0.0 2.0E-4
13 4274 0.0 2.0E-4
14 4504 0.0 2.0E-4
15 4961 0.0 2.0E-4
16 5742 0.0 2.0E-4
17 6268 0.0 2.0E-4
18 6495 0.0 2.0E-4
19 6722 0.0 2.0E-4
20 6955 0.0 2.0E-4
21 7188 0.0 2.0E-4
22 7421 0.0 2.0E-4
1 153 0.0 2.0E-4
2 392 0.0 2.0E-4
3 546 0.0 2.0E-4
4 771 0.0 2.0E-4
5 996 0.0 2.0E-4
6 1221 0.0 2.0E-4
7 1443 0.0 2.0E-4
8 1680 0.0 2.0E-4
9 1833 0.0 2.0E-4
10 2050 0.0 2.0E-4
11 2484 0.0 2.0E-4
1 200 0.0 2.0E-4
2 400 0.0 2.0E-4
3 598 0.0 2.0E-4
4 810 0.0 2.0E-4
5 963 0.0 2.0E-4
6 1116 0.0 2.0E-4
7 1270 0.0 2.0E-4
8 1478 0.0 2.0E-4
9 1686 0.0 2.0E-4
10 1894 0.0 2.0E-4
11 2321 0.0 2.0E-4
12 2474 0.0 2.0E-4
13 3110 0.0 2.0E-4
14 3320 0.0 2.0E-4
15 3544 0.0 2.0E-4
16 3697 0.0 2.0E-4
17 3851 0.0 2.0E-4
18 4004 0.0 2.0E-4
19 4157 0.0 2.0E-4
20 4379 0.0 2.0E-4
21 4601 0.0 2.0E-4
22 5044 0.0 2.0E-4
23 5278 0.0 2.0E-4
24 5695 0.0 2.0E-4
25 5881 0.0 2.0E-4
26 6317 0.0 2.0E-4
27 6496 0.0 2.0E-4
28 7289 0.0 2.0E-4
29 7722 0.0 2.0E-4
30 8042 0.0 2.0E-4
1 154 0.0 2.0E-4
2 307 0.0 2.0E-4
3 1168 0.0 2.0E-4
4 2882 0.0 2.0E-4
1 274 0.0 2.0E-4
2 561 0.0 2.0E-4
3 741 0.0 2.0E-4
4 884 0.0 2.0E-4
5 1270 0.0 2.0E-4
6 1461 0.0 2.0E-4
7 1651 0.0 2.0E-4
8 1854 0.0 2.0E-4
9 2026 0.0 2.0E-4
10 2409 0.0 2.0E-4
11 2636 0.0 2.0E-4
12 3087 0.0 2.0E-4
13 3326 0.0 2.0E-4
14 3700 0.0 2.0E-4
15 3921 0.0 2.0E-4
16 4142 0.0 2.0E-4
1 143 0.0 2.0E-4
2 286 0.0 2.0E-4
3 1430 0.0 2.0E-4
4 1573 0.0 2.0E-4
5 3904 0.0 2.0E-4
6 4047 0.0 2.0E-4
7 4156 0.0 2.0E-4
8 5300 0.0 2.0E-4
9 6444 0.0 2.0E-4
10 7588 0.0 2.0E-4
11 8732 0.0 2.0E-4
1 1144 0.0 2.0E-4
2 1252 0.0 2.0E-4
3 9147 0.0 2.0E-4
4 10659 0.0 2.0E-4
5 12171 0.0 2.0E-4
6 13683 0.0 2.0E-4
7 13954 0.0 2.0E-4
8 14110 0.0 2.0E-4
9 14262 0.0 2.0E-4
10 14434 0.0 2.0E-4
11 14586 0.0 2.0E-4
12 20905 0.0 2.0E-4
13 22049 0.0 2.0E-4
14 24237 0.0 2.0E-4
1 1144 0.0 2.0E-4
1 2656 0.0 2.0E-4
2 4168 0.0 2.0E-4
3 5680 0.0 2.0E-4
4 7192 0.0 2.0E-4
5 8704 0.0 2.0E-4
1 143 0.0 2.0E-4
2 1287 0.0 2.0E-4
3 1430 0.0 2.0E-4
4 1573 0.0 2.0E-4
5 2717 0.0 2.0E-4
1 1512 0.0 2.0E-4
2 3024 0.0 2.0E-4
3 4536 0.0 2.0E-4
4 6048 0.0 2.0E-4
1 1144 0.0 2.0E-4
2 2188 0.0 2.0E-4
3 3332 0.0 2.0E-4
4 3475 0.0 2.0E-4
5 3618 0.0 2.0E-4
6 3761 0.0 2.0E-4
7 4905 0.0 2.0E-4
8 6049 0.0 2.0E-4
1 108 0.0 2.0E-4
2 1252 0.0 2.0E-4
1 64 0.0 2.0E-4
2 1208 0.0 2.0E-4
3 1360 0.0 2.0E-4
4 1512 0.0 2.0E-4
5 2656 0.0 2.0E-4
6 2812 0.0 2.0E-4
7 2964 0.0 2.0E-4
8 3136 0.0 2.0E-4
9 3288 0.0 2.0E-4
10 3452 0.0 2.0E-4
11 3616 0.0 2.0E-4
12 3772 0.0 2.0E-4
13 3924 0.0 2.0E-4
14 4096 0.0 2.0E-4
15 4248 0.0 2.0E-4
16 5392 0.0 2.0E-4
17 6536 0.0 2.0E-4
18 7680 0.0 2.0E-4
19 8824 0.0 2.0E-4
20 9968 0.0 2.0E-4
21 11112 0.0 2.0E-4
1 1512 0.0 2.0E-4
2 3024 0.0 2.0E-4
3 4536 0.0 2.0E-4
4 6048 0.0 2.0E-4
5 6320 0.0 2.0E-4
6 7464 0.0 2.0E-4
7 8976 0.0 2.0E-4
8 10488 0.0 2.0E-4
9 12000 0.0 2.0E-4
10 13512 0.0 2.0E-4
11 13784 0.0 2.0E-4
12 15296 0.0 2.0E-4
13 16808 0.0 2.0E-4
14 18320 0.0 2.0E-4
15 19832 0.0 2.0E-4
16 21344 0.0 2.0E-4
17 22856 0.0 2.0E-4
18 24368 0.0 2.0E-4
19 25089 0.0 2.0E-4
1 64 0.0 2.0E-4
2 1840 0.0 2.0E-4
3 1983 0.0 2.0E-4
4 2126 0.0 2.0E-4
5 2269 0.0 2.0E-4
6 3413 0.0 2.0E-4
7 3540 0.0 2.0E-4
8 4684 0.0 2.0E-4
9 5828 0.0 2.0E-4
10 6972 0.0 2.0E-4
