1 1508 0.16276634206473595 0.5391108852192248
1 1508 0.1258797564908898 0.24948194685274686
1 251 0.3594504181600956 5.8043700110425505
1 143 0.16328282333855448 0.5442573089103092
1 201 0.1477375793610803 0.4031916821384989
1 153 0.14356481393196258 0.3700002348840234
1 200 0.14735406747976218 0.4000614445040493
1 154 0.1501398621352378 0.4231715762002682
1 274 0.15992028416608564 0.5113328621861107
1 143 0.15015128593040847 0.42326813233615357
1 1144 0.3737114710810948 6.52297550494896
1 1144 0.08812818645302258 0.08573968461197694
1 2656 0.4006460500688803 8.037417879813658
1 143 0.028239127483368782 0.003014342618722201
2 1287 0.028239127483368782 0.003014342618722201
1 1512 0.033384372680029695 0.004849998417671941
1 1144 0.0 2.0E-4
2 2188 0.0 2.0E-4
3 3332 0.0 2.0E-4
4 3475 0.0 2.0E-4
5 3618 0.0 2.0E-4
6 3761 0.0 2.0E-4
7 4905 0.0 2.0E-4
8 6049 0.0 2.0E-4
9 7193 0.0 2.0E-4
10 8337 0.0 2.0E-4
11 9481 0.0 2.0E-4
1 108 0.01154708830615014 3.9241574503035557E-4
2 1252 0.01154708830615014 3.9241574503035557E-4
3 1360 0.01154708830615014 3.9241574503035557E-4
4 1468 0.01154708830615014 3.9241574503035557E-4
5 1609 0.01154708830615014 3.9241574503035557E-4
6 1673 0.01154708830615014 3.9241574503035557E-4
7 2817 0.01154708830615014 3.9241574503035557E-4
8 4329 0.01154708830615014 3.9241574503035557E-4
1 64 0.06756437514764942 0.038745744591261025
1 1512 0.032529082292115465 0.004501684741107502
1 64 0.07774732120608024 0.058932629951579454
1 1508 0.16276634206473595 0.5391108852192248
1 1508 0.1258797564908898 0.24948194685274686
1 251 0.3594504181600956 5.8043700110425505
1 143 0.16328282333855448 0.5442573089103092
1 201 0.1477375793610803 0.4031916821384989
1 153 0.14356481393196258 0.3700002348840234
1 200 0.14735406747976218 0.4000614445040493
1 154 0.1501398621352378 0.4231715762002682
1 274 0.15992028416608564 0.5113328621861107
1 143 0.15015128593040847 0.42326813233615357
1 1144 0.3737114710810948 6.52297550494896
1 1144 0.08812818645302258 0.08573968461197694
1 2656 0.4006460500688803 8.037417879813658
1 143 0.028239127483368782 0.003014342618722201
2 1287 0.028239127483368782 0.003014342618722201
1 1512 0.033384372680029695 0.004849998417671941
1 1144 0.0 2.0E-4
2 2188 0.0 2.0E-4
3 3332 0.0 2.0E-4
1 108 0.01154708830615014 3.9241574503035557E-4
2 1252 0.01154708830615014 3.9241574503035557E-4
1 64 0.06756437514764942 0.038745744591261025
1 1512 0.032529082292115465 0.004501684741107502
1 64 0.07774732120608024 0.058932629951579454
1 1508 0.16276634206473595 0.5391108852192248
1 1508 0.1258797564908898 0.24948194685274686
1 251 0.3594504181600956 5.8043700110425505
1 143 0.16328282333855448 0.5442573089103092
1 201 0.1477375793610803 0.4031916821384989
1 153 0.14356481393196258 0.3700002348840234
1 200 0.14735406747976218 0.4000614445040493
1 154 0.1501398621352378 0.4231715762002682
1 274 0.15992028416608564 0.5113328621861107
1 143 0.15015128593040847 0.42326813233615357
1 1144 0.3737114710810948 6.52297550494896
1 1144 0.08812818645302258 0.08573968461197694
1 2656 0.4006460500688803 8.037417879813658
1 143 0.028239127483368782 0.003014342618722201
2 1287 0.028239127483368782 0.003014342618722201
1 1512 0.033384372680029695 0.004849998417671941
1 1144 0.0 2.0E-4
2 2188 0.0 2.0E-4
3 3332 0.0 2.0E-4
4 3475 0.0 2.0E-4
5 3618 0.0 2.0E-4
6 3761 0.0 2.0E-4
7 4905 0.0 2.0E-4
8 6049 0.0 2.0E-4
9 7193 0.0 2.0E-4
10 8337 0.0 2.0E-4
1 108 0.01154708830615014 3.9241574503035557E-4
2 1252 0.01154708830615014 3.9241574503035557E-4
3 1360 0.01154708830615014 3.9241574503035557E-4
4 1468 0.01154708830615014 3.9241574503035557E-4
5 1609 0.01154708830615014 3.9241574503035557E-4
6 1673 0.01154708830615014 3.9241574503035557E-4
7 2817 0.01154708830615014 3.9241574503035557E-4
1 64 0.06756437514764942 0.038745744591261025
1 1512 0.032529082292115465 0.004501684741107502
1 64 0.07774732120608024 0.058932629951579454
1 1508 0.16276634206473595 0.5391108852192248
1 1508 0.1258797564908898 0.24948194685274686
1 251 0.3594504181600956 5.8043700110425505
1 143 0.16328282333855448 0.5442573089103092
1 201 0.1477375793610803 0.4031916821384989
1 153 0.14356481393196258 0.3700002348840234
1 200 0.14735406747976218 0.4000614445040493
1 154 0.1501398621352378 0.4231715762002682
1 274 0.15992028416608564 0.5113328621861107
1 143 0.15015128593040847 0.42326813233615357
1 1144 0.3737114710810948 6.52297550494896
1 1144 0.08812818645302258 0.08573968461197694
1 2656 0.4006460500688803 8.037417879813658
1 143 0.028239127483368782 0.003014342618722201
2 1287 0.028239127483368782 0.003014342618722201
1 1512 0.033384372680029695 0.004849998417671941
1 1144 0.0 2.0E-4
2 2188 0.0 2.0E-4
3 3332 0.0 2.0E-4
1 108 0.01154708830615014 3.9241574503035557E-4
1 64 0.06756437514764942 0.038745744591261025
1 1512 0.032529082292115465 0.004501684741107502
1 64 0.07774732120608024 0.058932629951579454
1 1508 0.16276634206473595 0.5391108852192248
1 1508 0.1258797564908898 0.24948194685274686
1 251 0.3594504181600956 5.8043700110425505
1 143 0.16328282333855448 0.5442573089103092
1 201 0.1477375793610803 0.4031916821384989
1 153 0.14356481393196258 0.3700002348840234
1 200 0.14735406747976218 0.4000614445040493
1 154 0.1501398621352378 0.4231715762002682
1 274 0.15992028416608564 0.5113328621861107
1 143 0.15015128593040847 0.42326813233615357
1 1144 0.3737114710810948 6.52297550494896
1 1144 0.08812818645302258 0.08573968461197694
1 2656 0.4006460500688803 8.037417879813658
1 143 0.028239127483368782 0.003014342618722201
1 1512 0.033384372680029695 0.004849998417671941
1 1144 0.0 2.0E-4
2 2188 0.0 2.0E-4
1 108 0.01154708830615014 3.9241574503035557E-4
2 1252 0.01154708830615014 3.9241574503035557E-4
3 1360 0.01154708830615014 3.9241574503035557E-4
4 1468 0.01154708830615014 3.9241574503035557E-4
5 1609 0.01154708830615014 3.9241574503035557E-4
6 1673 0.01154708830615014 3.9241574503035557E-4
7 2817 0.01154708830615014 3.9241574503035557E-4
8 4329 0.01154708830615014 3.9241574503035557E-4
1 64 0.06756437514764942 0.038745744591261025
1 1512 0.032529082292115465 0.004501684741107502
1 64 0.07774732120608024 0.058932629951579454
