856351067 1 1512 2.0E-4 0.3024 0.851094169054369
856351067 2 1512 2.0E-4 0.3024 0.743193511135873
856351067 3 1512 2.0E-4 0.3024 0.9203585619883137
856351067 4 1512 2.0E-4 0.3024 0.35162953950234055
856351067 5 1512 2.0E-4 0.3024 0.9399752795151756
856351067 6 1512 2.0E-4 0.3024 0.9990151928703667
856351067 7 1512 2.0E-4 0.3024 0.3744481487939162
856351067 8 1512 2.0E-4 0.3024 0.04683256885796827
856351067 1 1512 2.0E-4 0.3024 0.8665909923825649
856351067 2 1487 2.0E-4 0.2974 0.4970713569539357
856351067 3 1512 2.0E-4 0.3024 0.7237044239209701
856351067 4 1512 2.0E-4 0.3024 0.10026570349271158
856351067 1 64 2.0E-4 0.0128 0.9701592306899159
856351067 2 1512 2.0E-4 0.3024 0.07659827769953675
856351067 1 64 2.0E-4 0.0128 0.14225489037054218
856351067 2 1512 2.0E-4 0.3024 0.845601962179813
856351067 3 1512 2.0E-4 0.3024 0.9550918918024643
856351067 4 1512 2.0E-4 0.3024 0.41554057869561145
856351067 5 1512 2.0E-4 0.3024 0.28793148235918
856351067 6 1512 2.0E-4 0.3024 0.5111988031541578
856351067 7 1512 2.0E-4 0.3024 0.5088120694996889
856351067 8 129 2.0E-4 0.0258 0.6947174624828493
856351067 9 1512 2.0E-4 0.3024 0.1459948409374493
856351067 1 1512 2.0E-4 0.3024 0.29138767381511466
856351067 2 64 2.0E-4 0.0128 0.5083631937986819
856351067 3 1512 2.0E-4 0.3024 0.7086611676765183
856351067 4 154 2.0E-4 0.0308 0.896185730825856
856351067 5 1512 2.0E-4 0.3024 0.44757913521263715
856351067 6 1512 2.0E-4 0.3024 0.07892824333541848
856351067 1 64 2.0E-4 0.0128 0.3737971235761143
856351067 2 1512 2.0E-4 0.3024 0.307440359393403
856351067 3 1487 2.0E-4 0.2974 0.6679784540211832
856351067 4 1512 2.0E-4 0.3024 0.5431409192421104
856351067 5 1512 2.0E-4 0.3024 0.8066901349351416
856351067 6 1512 2.0E-4 0.3024 0.6939644833734605
856351067 7 1512 2.0E-4 0.3024 0.2840826568734347
856351067 1 1512 2.0E-4 0.3024 0.8077996241988727
856351067 2 1512 2.0E-4 0.3024 0.41707223738089916
856351067 3 1512 2.0E-4 0.3024 0.03395796731796996
856351067 1 1512 2.0E-4 0.3024 0.7531039815972926
856351067 2 1512 2.0E-4 0.3024 0.9752897683253633
856351067 3 1512 2.0E-4 0.3024 0.2286166890571274
856351067 1 64 2.0E-4 0.0128 0.46740218692972435
856351067 2 64 2.0E-4 0.0128 0.25671479219535964
856351067 3 1512 2.0E-4 0.3024 0.6174457990060818
856351067 4 1512 2.0E-4 0.3024 0.7373655035501995
856351067 5 1512 2.0E-4 0.3024 0.8314759577546902
856351067 6 179 2.0E-4 0.0358 0.09363342320728973
856351067 7 1512 2.0E-4 0.3024 0.5778770015751016
856351067 8 1512 2.0E-4 0.3024 0.4361973993157501
856351067 9 1512 2.0E-4 0.3024 0.977679146218531
856351067 10 1512 2.0E-4 0.3024 0.5398126903320569
856351067 11 1512 2.0E-4 0.3024 0.4725908075167474
856351067 12 1512 2.0E-4 0.3024 0.8296113487803781
856351067 13 1512 2.0E-4 0.3024 0.8125654492435619
856351067 14 1512 2.0E-4 0.3024 0.033577471131479575
856351067 1 64 2.0E-4 0.0128 0.6451220270281981
856351067 2 1512 2.0E-4 0.3024 0.34880541695845724
856351067 3 1512 2.0E-4 0.3024 0.6201371950092327
856351067 4 1512 2.0E-4 0.3024 0.8335397006444664
856351067 5 1512 2.0E-4 0.3024 0.7593278455319495
856351067 6 1512 2.0E-4 0.3024 0.6011678011133544
856351067 7 1512 2.0E-4 0.3024 0.3995021729780619
856351067 8 1512 2.0E-4 0.3024 0.8023187309647761
856351067 9 1512 2.0E-4 0.3024 0.8979569067729992
856351067 10 1512 2.0E-4 0.3024 0.6964540914099536
856351067 11 1512 2.0E-4 0.3024 0.16459943814370082
856351067 1 1512 2.0E-4 0.3024 0.4543333955445942
856351067 2 1512 2.0E-4 0.3024 0.9499739549150106
856351067 3 1512 2.0E-4 0.3024 0.9107077594787222
856351067 4 1512 2.0E-4 0.3024 0.27408743247111056
856351067 1 1512 2.0E-4 0.3024 0.5338613090914577
856351067 2 1512 2.0E-4 0.3024 0.9121722264660113
856351067 3 1512 2.0E-4 0.3024 0.9646498465562857
856351067 4 154 2.0E-4 0.0308 0.2336275474033026
856351067 5 1512 2.0E-4 0.3024 0.6197555936098516
856351067 6 1512 2.0E-4 0.3024 0.8998548152321154
856351067 7 1512 2.0E-4 0.3024 0.7197092578515518
856351067 8 1512 2.0E-4 0.3024 0.9931268225888275
856351067 9 1512 2.0E-4 0.3024 0.0347227503538422
856351067 1 1512 2.0E-4 0.3024 0.7319172459132776
856351067 2 1512 2.0E-4 0.3024 0.5804631284744878
856351067 3 1512 2.0E-4 0.3024 0.8679316408589408
856351067 4 1512 2.0E-4 0.3024 0.7523537927900195
856351067 5 1512 2.0E-4 0.3024 0.18217094309921
856351067 1 64 2.0E-4 0.0128 0.2931107899416575
856351067 2 1512 2.0E-4 0.3024 0.07600014570716984
856351067 1 1512 2.0E-4 0.3024 0.8124008812455106
856351067 2 1512 2.0E-4 0.3024 0.4195405219634022
856351067 3 1512 2.0E-4 0.3024 0.2743844296694088
856351067 1 1512 2.0E-4 0.3024 0.038716716047180744
856351067 1 64 2.0E-4 0.0128 0.3345336477781481
856351067 2 1113 2.0E-4 0.22260000000000002 0.4212560038893991
856351067 3 64 2.0E-4 0.0128 0.48262540106293816
856351067 4 1512 2.0E-4 0.3024 0.7349717031483015
856351067 5 1512 2.0E-4 0.3024 0.14547309356059057
856351067 1 64 2.0E-4 0.0128 0.0231500754572459
856351067 2 1512 2.0E-4 0.3024 0.33284767213023436
856351067 3 1512 2.0E-4 0.3024 0.18195865617583828
856351067 1 64 2.0E-4 0.0128 0.9188574299166555
856351067 2 64 2.0E-4 0.0128 0.6386277019736979
856351067 3 64 2.0E-4 0.0128 0.6763388481497032
856351067 4 1512 2.0E-4 0.3024 0.5058303181180733
856351067 5 77 2.0E-4 0.0154 0.2431418194017848
856351067 6 684 2.0E-4 0.1368 0.7979678209012631
856351067 7 64 2.0E-4 0.0128 0.7685096751596753
856351067 8 64 2.0E-4 0.0128 0.15890442933940618
856351067 9 64 2.0E-4 0.0128 0.841552479484458
856351067 10 1512 2.0E-4 0.3024 0.4359161186444319
856351067 11 105 2.0E-4 0.021 0.9951469498026653
856351067 12 1512 2.0E-4 0.3024 0.08628515711429363
856351067 1 1512 2.0E-4 0.3024 0.7418065804432626
856351067 2 1512 2.0E-4 0.3024 0.6030317268185531
856351067 3 1512 2.0E-4 0.3024 0.49491116597103424
856351067 4 1512 2.0E-4 0.3024 0.7399951824005235
856351067 5 179 2.0E-4 0.0358 0.295387891173154
856351067 6 1512 2.0E-4 0.3024 0.17737027399761096
856351067 1 1512 2.0E-4 0.3024 0.014315196257449925
856351067 1 1512 2.0E-4 0.3024 0.8449570220880563
856351067 2 1487 2.0E-4 0.2974 0.3391800559707572
856351067 3 1512 2.0E-4 0.3024 0.05227033176742257
856351067 1 64 2.0E-4 0.0128 0.3247285373272829
856351067 2 1512 2.0E-4 0.3024 0.37831868510818834
856351067 3 1512 2.0E-4 0.3024 0.3738635156232527
856351067 4 1512 2.0E-4 0.3024 0.5946322593221356
856351067 5 1512 2.0E-4 0.3024 0.1962835742040372
856351067 1 64 2.0E-4 0.0128 0.08863117376524077
856351067 2 1512 2.0E-4 0.3024 0.7185766147968207
856351067 3 1512 2.0E-4 0.3024 0.23528121181269546
856351067 1 1512 2.0E-4 0.3024 0.35414197897296806
856351067 2 1512 2.0E-4 0.3024 0.8777773589300762
856351067 3 1512 2.0E-4 0.3024 0.42899320773277616
856351067 4 1512 2.0E-4 0.3024 0.9075201913777702
856351067 5 1512 2.0E-4 0.3024 0.8165722756557285
856351067 6 1512 2.0E-4 0.3024 0.7408135347572535
856351067 7 1512 2.0E-4 0.3024 0.36043911825320174
856351067 8 1512 2.0E-4 0.3024 0.9039421958977619
856351067 9 1512 2.0E-4 0.3024 0.12498924305372239
856351067 10 64 2.0E-4 0.0128 0.6170068330351784
856351067 11 1512 2.0E-4 0.3024 0.6821004164294564
856351067 12 1512 2.0E-4 0.3024 0.19221776870510265
856351067 1 64 2.0E-4 0.0128 0.9404841842407246
856351067 2 1512 2.0E-4 0.3024 0.34785792160023965
856351067 3 1487 2.0E-4 0.2974 0.5004464641190111
856351067 4 1512 2.0E-4 0.3024 0.33057369945315973
856351067 5 1512 2.0E-4 0.3024 0.4636145414829985
856351067 6 1512 2.0E-4 0.3024 0.4065390072845858
856351067 7 1512 2.0E-4 0.3024 0.49518668903335017
856351067 8 1512 2.0E-4 0.3024 0.2410825124096908
856351067 1 1512 2.0E-4 0.3024 0.5838631898780474
856351067 2 1512 2.0E-4 0.3024 0.693041063827263
856351067 3 1512 2.0E-4 0.3024 0.49314941285465275
856351067 4 1512 2.0E-4 0.3024 0.42717344554365266
856351067 5 1512 2.0E-4 0.3024 0.9567497338693635
856351067 6 1512 2.0E-4 0.3024 0.0014722079704523328
856351067 1 1512 2.0E-4 0.3024 0.5637864116160228
856351067 2 1512 2.0E-4 0.3024 0.4736462542437899
856351067 3 1512 2.0E-4 0.3024 0.18468710900799723
856351067 1 64 2.0E-4 0.0128 0.8483124169755402
856351067 2 64 2.0E-4 0.0128 0.7151291948697001
856351067 3 1512 2.0E-4 0.3024 0.7137466196253219
856351067 4 1512 2.0E-4 0.3024 0.7842416740313439
856351067 5 1512 2.0E-4 0.3024 0.11143051422203742
856351067 1 64 2.0E-4 0.0128 0.8424067404510129
856351067 2 1512 2.0E-4 0.3024 0.8952573903916977
856351067 3 1512 2.0E-4 0.3024 0.13445072046588846
856351067 1 1512 2.0E-4 0.3024 0.5873401513060199
856351067 2 1512 2.0E-4 0.3024 0.6185889641742564
856351067 3 1512 2.0E-4 0.3024 0.06533962843959862
856351067 1 1512 2.0E-4 0.3024 0.15980318235324897
856351067 1 1512 2.0E-4 0.3024 0.08536537903498098
856351067 2 1512 2.0E-4 0.3024 0.7882205800350298
856351067 3 1512 2.0E-4 0.3024 0.8669706095841138
856351067 4 1512 2.0E-4 0.3024 0.34421304812407294
856351067 5 1512 2.0E-4 0.3024 0.2504144103747491
856351067 6 64 2.0E-4 0.0128 0.6847042702133502
856351067 7 237 2.0E-4 0.047400000000000005 0.2811336183087666
856351067 1 64 2.0E-4 0.0128 0.34456785458783024
856351067 2 1512 2.0E-4 0.3024 0.6154547338934636
856351067 3 1512 2.0E-4 0.3024 0.8293728757426072
856351067 4 1512 2.0E-4 0.3024 0.9155618416520364
856351067 5 154 2.0E-4 0.0308 0.5899792083915846
856351067 6 1512 2.0E-4 0.3024 0.9424496392627097
856351067 7 1512 2.0E-4 0.3024 0.9785389262324331
856351067 8 1512 2.0E-4 0.3024 0.44216073012478707
856351067 9 1512 2.0E-4 0.3024 0.18815202949801302
856351067 1 1512 2.0E-4 0.3024 0.02547818525372303
856351067 1 1512 2.0E-4 0.3024 0.3690393887119635
856351067 2 1512 2.0E-4 0.3024 0.3736143224945052
856351067 3 1512 2.0E-4 0.3024 0.12656170530872302
856351067 1 64 2.0E-4 0.0128 0.15578292086358758
856351067 2 1113 2.0E-4 0.22260000000000002 0.15705058705770358
856351067 1 64 2.0E-4 0.0128 0.9984051376486462
856351067 2 1512 2.0E-4 0.3024 0.8466718107451862
856351067 3 1512 2.0E-4 0.3024 0.3872876902521474
856351067 4 1512 2.0E-4 0.3024 0.5021286849104745
856351067 5 1512 2.0E-4 0.3024 0.8579971441010626
856351067 6 1512 2.0E-4 0.3024 0.9486054110853364
856351067 7 1512 2.0E-4 0.3024 0.9168659127138019
856351067 8 1512 2.0E-4 0.3024 0.6530186329961764
856351067 9 1512 2.0E-4 0.3024 0.8272533220937702
856351067 10 1512 2.0E-4 0.3024 0.912539032994247
856351067 11 1512 2.0E-4 0.3024 0.405313534089913
856351067 12 1512 2.0E-4 0.3024 0.7479257340769072
856351067 13 1512 2.0E-4 0.3024 0.7834751607736218
856351067 14 1512 2.0E-4 0.3024 0.1874414649397237
856351067 1 64 2.0E-4 0.0128 0.2973640013083676
856351067 2 64 2.0E-4 0.0128 0.033893659948678434
856351067 3 64 2.0E-4 0.0128 0.6868974718232161
856351067 4 1512 2.0E-4 0.3024 0.07044150549891737
856351067 1 1512 2.0E-4 0.3024 0.06889665231208353
856351067 1 1512 2.0E-4 0.3024 0.1560487785647443
856351067 1 1512 2.0E-4 0.3024 0.6968519441846613
856351067 2 1487 2.0E-4 0.2974 0.08506823885530435
856351067 1 64 2.0E-4 0.0128 0.05542621717867413
856351067 2 1512 2.0E-4 0.3024 0.5671557423543488
856351067 3 1512 2.0E-4 0.3024 0.7602338019794406
856351067 4 1512 2.0E-4 0.3024 0.4026669460596759
856351067 5 1512 2.0E-4 0.3024 0.5542445290174908
856351067 6 1512 2.0E-4 0.3024 0.7836368579499483
856351067 7 1512 2.0E-4 0.3024 0.4649778797510219
856351067 8 1512 2.0E-4 0.3024 0.12659934049485044
856351067 1 64 2.0E-4 0.0128 0.5799323782629022
856351067 2 1512 2.0E-4 0.3024 0.1775190685885022
856351067 1 1512 2.0E-4 0.3024 0.7515761628791298
856351067 2 1512 2.0E-4 0.3024 0.10993880793739808
856351067 3 64 2.0E-4 0.0128 0.10346129935480297
856351067 4 1512 2.0E-4 0.3024 0.6006441112515616
856351067 5 154 2.0E-4 0.0308 0.9642492145121255
856351067 6 1512 2.0E-4 0.3024 0.058996097435558115
856351067 1 64 2.0E-4 0.0128 0.5149521164507699
856351067 2 1512 2.0E-4 0.3024 0.36414854828094334
856351067 3 1487 2.0E-4 0.2974 0.9737959141215634
856351067 4 1512 2.0E-4 0.3024 0.6069659108859043
856351067 5 1512 2.0E-4 0.3024 0.2804223606364069
856351067 1 1512 2.0E-4 0.3024 0.2994365606381626
856351067 1 1512 2.0E-4 0.3024 0.47225006815950166
856351067 2 1512 2.0E-4 0.3024 0.9640951754515081
856351067 3 1512 2.0E-4 0.3024 0.7832171279637025
856351067 4 1512 2.0E-4 0.3024 0.3696103079902253
856351067 5 1512 2.0E-4 0.3024 0.9261634467976243
856351067 6 1512 2.0E-4 0.3024 0.04193143798818566
856351067 1 64 2.0E-4 0.0128 0.7489371090772478
856351067 2 64 2.0E-4 0.0128 0.20957058924094119
856351067 3 1512 2.0E-4 0.3024 0.6836903243253367
856351067 4 1512 2.0E-4 0.3024 0.7378029321132452
856351067 5 1512 2.0E-4 0.3024 0.2625701460653834
856351067 1 64 2.0E-4 0.0128 0.04667958384659332
856351067 2 1512 2.0E-4 0.3024 0.8821231973278907
856351067 3 1512 2.0E-4 0.3024 0.3158201248697977
856351067 4 1512 2.0E-4 0.3024 0.3223624839195708
856351067 5 1512 2.0E-4 0.3024 0.8564410896363314
856351067 6 1512 2.0E-4 0.3024 0.8848950564351489
856351067 7 1512 2.0E-4 0.3024 0.14436168944551453
856351067 1 1512 2.0E-4 0.3024 0.6843086822707108
856351067 2 1512 2.0E-4 0.3024 0.166527613436401
856351067 1 1512 2.0E-4 0.3024 0.2875849468334506
856351067 1 1512 2.0E-4 0.3024 0.058664347485662516
856351067 2 64 2.0E-4 0.0128 0.012180224831256359
856351067 1 64 2.0E-4 0.0128 0.9499555616037895
856351067 2 1512 2.0E-4 0.3024 0.07290074952810544
856351067 1 1512 2.0E-4 0.3024 0.6914226240475877
856351067 2 1512 2.0E-4 0.3024 0.6522888072853579
856351067 3 1512 2.0E-4 0.3024 0.028532512490464068
856351067 1 1512 2.0E-4 0.3024 0.0816263113988408
856351067 1 64 2.0E-4 0.0128 0.38615954404458797
856351067 2 1113 2.0E-4 0.22260000000000002 0.31444278477539334
856351067 3 64 2.0E-4 0.0128 0.7651369470799356
856351067 4 1512 2.0E-4 0.3024 0.0672280694166767
856351067 1 64 2.0E-4 0.0128 0.617996976959616
856351067 2 1512 2.0E-4 0.3024 0.3947550540947269
856351067 3 1512 2.0E-4 0.3024 0.7155604943374325
856351067 4 1512 2.0E-4 0.3024 0.22815294961057053
856351067 1 64 2.0E-4 0.0128 0.8261929700039277
856351067 2 64 2.0E-4 0.0128 0.5632497468172131
856351067 3 64 2.0E-4 0.0128 0.2920375206024656
856351067 4 1512 2.0E-4 0.3024 0.11913405417661527
856351067 1 1512 2.0E-4 0.3024 0.5159488654021108
856351067 2 1512 2.0E-4 0.3024 0.3413922865101542
856351067 3 1512 2.0E-4 0.3024 0.14633760154216346
856351067 1 1512 2.0E-4 0.3024 0.1631737136682322
856351067 1 1512 2.0E-4 0.3024 0.5916997010288159
856351067 2 1487 2.0E-4 0.2974 0.4507397527552377
856351067 3 1512 2.0E-4 0.3024 0.2712357335684248
856351067 1 64 2.0E-4 0.0128 0.8880241738524153
856351067 2 1512 2.0E-4 0.3024 0.9020162182869582
856351067 3 1512 2.0E-4 0.3024 0.6962151277078619
856351067 4 1512 2.0E-4 0.3024 0.2980036243151105
856351067 1 64 2.0E-4 0.0128 0.9953826718190478
856351067 2 1512 2.0E-4 0.3024 0.4814872480824316
856351067 3 1512 2.0E-4 0.3024 0.2716154607606275
856351067 1 1512 2.0E-4 0.3024 0.855305149976564
856351067 2 1512 2.0E-4 0.3024 0.5554821454503303
856351067 3 1512 2.0E-4 0.3024 0.3162900763395501
856351067 4 1512 2.0E-4 0.3024 0.014477417990306662
856351067 5 64 2.0E-4 0.0128 0.6806158407233713
856351067 6 1512 2.0E-4 0.3024 0.8989827000916459
856351067 7 1512 2.0E-4 0.3024 0.09370467616930955
856351067 1 64 2.0E-4 0.0128 0.4388872226968974
856351067 2 1512 2.0E-4 0.3024 0.19317656643320857
856351067 1 1512 2.0E-4 0.3024 0.6230152460473622
856351067 2 1512 2.0E-4 0.3024 0.41610072614885063
856351067 3 1512 2.0E-4 0.3024 0.9875953904011168
856351067 4 1512 2.0E-4 0.3024 0.5353406759975772
856351067 5 1512 2.0E-4 0.3024 0.13991100737702378
856351067 1 1512 2.0E-4 0.3024 0.7149661626890315
856351067 2 1512 2.0E-4 0.3024 0.2648702219520457
856351067 1 64 2.0E-4 0.0128 0.8578981331698327
856351067 2 64 2.0E-4 0.0128 0.8176656324401804
856351067 3 1512 2.0E-4 0.3024 0.5627707110784417
856351067 4 1512 2.0E-4 0.3024 0.7108417498510462
856351067 5 1512 2.0E-4 0.3024 0.9672336485620242
856351067 6 179 2.0E-4 0.0358 0.5500173090110956
856351067 7 1512 2.0E-4 0.3024 0.9455469610679222
856351067 8 1512 2.0E-4 0.3024 0.43195095641732617
856351067 9 1512 2.0E-4 0.3024 0.7707987093488002
856351067 10 1512 2.0E-4 0.3024 0.9991698904841857
856351067 11 1512 2.0E-4 0.3024 0.49122832062127775
856351067 12 1512 2.0E-4 0.3024 0.2568214153162388
856351067 1 64 2.0E-4 0.0128 0.9786553307639942
856351067 2 1512 2.0E-4 0.3024 0.9124555340732577
856351067 3 1512 2.0E-4 0.3024 0.9952441715577153
856351067 4 1512 2.0E-4 0.3024 0.7549462450012031
856351067 5 1512 2.0E-4 0.3024 0.762047235363506
856351067 6 1512 2.0E-4 0.3024 0.4557926886914445
856351067 7 1512 2.0E-4 0.3024 0.8688545200682656
856351067 8 1512 2.0E-4 0.3024 0.4902502771294611
856351067 9 1512 2.0E-4 0.3024 0.47330457768228085
856351067 10 1512 2.0E-4 0.3024 0.5601474662961178
856351067 11 1512 2.0E-4 0.3024 0.1748231911806336
856351067 1 1512 2.0E-4 0.3024 0.7408987131296128
856351067 2 1512 2.0E-4 0.3024 0.843376936151508
856351067 3 1512 2.0E-4 0.3024 0.658593225807251
856351067 4 1512 2.0E-4 0.3024 0.18829974450853582
856351067 1 1512 2.0E-4 0.3024 0.07310460413772868
856351067 1 1512 2.0E-4 0.3024 0.2197202079800249
856351067 1 64 2.0E-4 0.0128 0.5891177801049635
856351067 2 1512 2.0E-4 0.3024 0.5881430839348563
856351067 3 1512 2.0E-4 0.3024 0.3505838514548407
856351067 4 1512 2.0E-4 0.3024 0.14164200995969134
856351067 1 1512 2.0E-4 0.3024 0.14012442893157961
856351067 1 1512 2.0E-4 0.3024 0.0677088349552829
856351067 1 64 2.0E-4 0.0128 0.11998797155436403
856351067 2 1113 2.0E-4 0.22260000000000002 0.18089552843630274
856351067 1 64 2.0E-4 0.0128 0.8590644067222408
856351067 2 1512 2.0E-4 0.3024 0.9294650603496205
856351067 3 1512 2.0E-4 0.3024 0.28734449926146965
856351067 1 64 2.0E-4 0.0128 0.5490125191224217
856351067 2 64 2.0E-4 0.0128 0.7166179753195794
856351067 3 64 2.0E-4 0.0128 0.2630964468072624
856351067 4 1512 2.0E-4 0.3024 0.5805745510166307
856351067 5 77 2.0E-4 0.0154 0.47070572873578753
856351067 6 684 2.0E-4 0.1368 0.8266080928506155
856351067 7 64 2.0E-4 0.0128 0.7572333082476651
856351067 8 64 2.0E-4 0.0128 0.835646230663129
856351067 9 64 2.0E-4 0.0128 0.8535511384913768
856351067 10 1512 2.0E-4 0.3024 0.2397952900270971
856351067 1 1512 2.0E-4 0.3024 0.912970267404593
856351067 2 1512 2.0E-4 0.3024 0.9283349692369869
856351067 3 1512 2.0E-4 0.3024 0.8440260355347303
856351067 4 1512 2.0E-4 0.3024 0.4185175177515489
856351067 5 179 2.0E-4 0.0358 0.8585115137888569
856351067 6 1512 2.0E-4 0.3024 0.5576586671664865
856351067 7 1512 2.0E-4 0.3024 0.14355826174466446
856351067 1 1512 2.0E-4 0.3024 0.36475971047116906
856351067 2 1512 2.0E-4 0.3024 0.20603267511859102
856351067 1 1512 2.0E-4 0.3024 0.9249651136570505
856351067 2 1487 2.0E-4 0.2974 0.7486983412261319
856351067 3 1512 2.0E-4 0.3024 0.8997257782143424
856351067 4 1512 2.0E-4 0.3024 0.0797885080560855
856351067 1 64 2.0E-4 0.0128 0.8271357397776676
856351067 2 1512 2.0E-4 0.3024 0.8009417467951712
856351067 3 1512 2.0E-4 0.3024 0.8059924936313665
856351067 4 1512 2.0E-4 0.3024 0.7912917486031062
856351067 5 1512 2.0E-4 0.3024 0.9546645235559621
856351067 6 1512 2.0E-4 0.3024 0.3373162020711993
856351067 7 1512 2.0E-4 0.3024 0.8617949032100969
856351067 8 1512 2.0E-4 0.3024 0.9959337090546652
856351067 9 1512 2.0E-4 0.3024 0.9228408595194543
856351067 10 1512 2.0E-4 0.3024 0.44512825232035647
856351067 11 1512 2.0E-4 0.3024 0.6756193719770052
856351067 12 1512 2.0E-4 0.3024 0.9304106089791737
856351067 13 1512 2.0E-4 0.3024 0.8301944067771919
856351067 14 1512 2.0E-4 0.3024 0.6333384728371615
856351067 15 1512 2.0E-4 0.3024 0.48761847107413503
856351067 16 1512 2.0E-4 0.3024 0.20553042667295185
856351067 1 64 2.0E-4 0.0128 0.967181369223975
856351067 2 1512 2.0E-4 0.3024 0.9811560449892062
856351067 3 1512 2.0E-4 0.3024 0.14082463313380367
856351067 1 1512 2.0E-4 0.3024 0.36390229455657397
856351067 2 1512 2.0E-4 0.3024 0.7629162845111092
856351067 3 1512 2.0E-4 0.3024 0.6763126541604534
856351067 4 1512 2.0E-4 0.3024 0.0544410521403097
856351067 5 64 2.0E-4 0.0128 0.7765863079647292
856351067 6 1512 2.0E-4 0.3024 0.5887194532277817
856351067 7 154 2.0E-4 0.0308 0.6699656231773834
856351067 8 1512 2.0E-4 0.3024 0.19823484512289047
856351067 1 64 2.0E-4 0.0128 0.8442698752078437
856351067 2 1512 2.0E-4 0.3024 0.8097039957766681
856351067 3 1487 2.0E-4 0.2974 0.775569960738776
856351067 4 1512 2.0E-4 0.3024 0.571211454646464
856351067 5 1512 2.0E-4 0.3024 0.043405951022598255
856351067 1 1512 2.0E-4 0.3024 0.9041514509167511
856351067 2 1512 2.0E-4 0.3024 0.3837403153024701
856351067 3 1512 2.0E-4 0.3024 0.10746478265679082
856351067 1 1512 2.0E-4 0.3024 0.650971512659397
856351067 2 1512 2.0E-4 0.3024 0.7727632152142485
856351067 3 1512 2.0E-4 0.3024 0.5743412902967131
856351067 4 1512 2.0E-4 0.3024 0.8544041432793698
856351067 5 1512 2.0E-4 0.3024 0.19678871228561834
856351067 1 64 2.0E-4 0.0128 0.769840531269804
856351067 2 64 2.0E-4 0.0128 0.6234201319959635
856351067 3 1512 2.0E-4 0.3024 0.662872909163449
856351067 4 1512 2.0E-4 0.3024 0.26961315198675195
856351067 1 64 2.0E-4 0.0128 0.9821795815651823
856351067 2 1512 2.0E-4 0.3024 0.35254094860041674
856351067 3 1512 2.0E-4 0.3024 0.08266456986132187
856351067 1 1512 2.0E-4 0.3024 0.23265171049711464
856351067 1 1512 2.0E-4 0.3024 0.646217351421382
856351067 2 1512 2.0E-4 0.3024 0.6866079897844248
856351067 3 1512 2.0E-4 0.3024 0.9522598996123506
856351067 4 154 2.0E-4 0.0308 0.03482648242176711
856351067 5 1512 2.0E-4 0.3024 0.23565111135256978
856351067 1 1512 2.0E-4 0.3024 0.3890350671228152
856351067 2 1512 2.0E-4 0.3024 0.8591198873030749
856351067 3 1512 2.0E-4 0.3024 0.449740372024489
856351067 4 1512 2.0E-4 0.3024 0.9118417236538796
856351067 5 1512 2.0E-4 0.3024 0.6485712895987518
856351067 6 1512 2.0E-4 0.3024 0.10882510775240561
856351067 1 64 2.0E-4 0.0128 0.1069994341435655
856351067 2 1512 2.0E-4 0.3024 0.9945334666882388
856351067 3 1512 2.0E-4 0.3024 0.5091139811531951
856351067 4 1512 2.0E-4 0.3024 0.867733328921188
856351067 5 154 2.0E-4 0.0308 0.015693062984740935
856351067 1 1512 2.0E-4 0.3024 0.11248889099785953
856351067 1 1512 2.0E-4 0.3024 0.9887570856835867
856351067 2 1512 2.0E-4 0.3024 0.9652275037579041
856351067 3 1512 2.0E-4 0.3024 0.8748937012878791
856351067 4 1512 2.0E-4 0.3024 0.7630026077528178
856351067 5 179 2.0E-4 0.0358 0.6149632633741339
856351067 6 1512 2.0E-4 0.3024 0.4818773635191168
856351067 7 1512 2.0E-4 0.3024 0.7048536323506611
856351067 8 1512 2.0E-4 0.3024 0.2571014201922237
856351067 1 64 2.0E-4 0.0128 0.3779238750418198
856351067 2 1113 2.0E-4 0.22260000000000002 0.8871771995780046
856351067 3 64 2.0E-4 0.0128 0.8166242783747992
856351067 4 1512 2.0E-4 0.3024 0.8956052034545101
856351067 5 1512 2.0E-4 0.3024 0.735508798403602
856351067 6 1512 2.0E-4 0.3024 0.04181258031126833
856351067 1 64 2.0E-4 0.0128 0.5799008869024341
856351067 2 1512 2.0E-4 0.3024 0.25688883229721227
856351067 1 64 2.0E-4 0.0128 0.7314987409409407
856351067 2 64 2.0E-4 0.0128 0.1806306752210699
856351067 3 64 2.0E-4 0.0128 0.4024285070879603
856351067 4 1512 2.0E-4 0.3024 0.7351554354195832
856351067 5 77 2.0E-4 0.0154 0.10976481434598018
856351067 6 684 2.0E-4 0.1368 0.6171835777737565
856351067 7 64 2.0E-4 0.0128 0.6306149470323363
856351067 8 64 2.0E-4 0.0128 0.5941808415046523
856351067 9 64 2.0E-4 0.0128 0.19381288527257934
856351067 10 1512 2.0E-4 0.3024 0.8921425091638681
856351067 11 105 2.0E-4 0.021 0.6772126015842641
856351067 12 1512 2.0E-4 0.3024 0.1800464874791179
856351067 1 1512 2.0E-4 0.3024 0.17215585834737135
