20033 1.0 1 1.0  
20149 0.9948816378758797 1 0.9948816378758797  
20164 0.9915000996082077 1 0.9915000996082077  
20274 1.0 1 1.0  
20277 1.0 1 1.0  
20383 0.9949602330892197 1 0.9949602330892197  
20411 0.9911136683288582 1 0.9911136683288582  
20452 1.0 1 1.0  
20509 1.0 1 1.0  
20619 1.0 1 1.0  
20629 1.0 1 1.0  
20659 0.9633197990503063 1 0.9633197990503063  
20684 1.0 1 1.0  
20750 1.0 1 1.0  
20790 0.9658757664622767 1 0.9658757664622767  
20896 0.9866796170389899 1 0.9866796170389899  
20906 1.0 1 1.0  
20974 0.9712434433816723 1 0.9712434433816723  
20992 0.9846153846153847 1 0.9846153846153847  
21056 0.9806949806949807 1 0.9806949806949807  
21141 0.9893306659998333 1 0.9893306659998333  
21169 0.996 1 0.996  
21197 0.931663409723456 1 0.931663409723456  
21232 1.0 1 1.0  
21250 0.9958733638532465 1 0.9958733638532465  
21302 0.9672466734902764 1 0.9672466734902764  
21314 0.9161872292066198 1 0.9161872292066198  
21338 0.9957944539361283 1 0.9957944539361283  
21360 1.0 1 1.0  
21376 0.9662921348314607 1 0.9662921348314607  
21428 1.0 1 1.0  
21512 0.9281352747768905 1 0.9281352747768905  
21518 0.9856566562079785 1 0.9856566562079785  
21566 0.9923586651543191 1 0.9923586651543191  
21568 0.9849624060150376 1 0.9849624060150376  
21595 1.0 1 1.0  
21601 1.0 1 1.0  
21655 0.9708365770405414 1 0.9708365770405414  
21660 1.0 1 1.0  
21661 0.9849367461017946 1 0.9849367461017946  
21782 1.0 1 1.0  
21882 0.9944095038434662 1 0.9944095038434662  
21932 0.8883892068683565 1 0.8883892068683565  
21939 0.9962080815262472 1 0.9962080815262472  
21969 0.967032967032967 1 0.967032967032967  
22037 0.9959539764824883 1 0.9959539764824883  
22041 0.9962432495891054 1 0.9962432495891054  
22163 0.996116504854369 1 0.996116504854369  
22164 0.8978027243480047 1 0.8978027243480047  
22255 1.0 1 1.0  
22263 0.9734274563820018 1 0.9734274563820018  
22275 1.0 1 1.0  
22284 1.0 1 1.0  
22303 1.0 1 1.0  
22304 1.0 1 1.0  
22324 0.9922574401161384 1 0.9922574401161384  
22411 0.9927429413765733 1 0.9927429413765733  
22476 0.9833766233766233 1 0.9833766233766233  
22492 1.0 1 1.0  
22514 0.9057400433641447 1 0.9057400433641447  
22518 1.0 1 1.0  
22636 0.9962975818581511 1 0.9962975818581511  
22639 0.9928758279067179 1 0.9928758279067179  
22664 1.0 1 1.0  
22676 0.8852914997774811 1 0.8852914997774811  
22695 1.0 1 1.0  
22720 1.0 1 1.0  
22733 0.996308496138119 1 0.996308496138119  
22760 0.9961519961519961 1 0.9961519961519961  
22798 0.9915991780490753 1 0.9915991780490753  
22812 0.9964788732394366 1 0.9964788732394366  
22862 0.9370838505811985 1 0.9370838505811985  
23040 1.975438596491228 2 0.987719298245614  
23046 0.9150514936352587 1 0.9150514936352587  
23055 0.9963503649635036 1 0.9963503649635036  
23123 0.9963054898112336 1 0.9963054898112336  
23158 0.9926402943882244 1 0.9926402943882244  
23205 1.0 1 1.0  
23236 0.9765206812652069 1 0.9765206812652069  
23339 1.0 1 1.0  
23349 1.0 1 1.0  
23386 0.9963524450017098 1 0.9963524450017098  
23439 0.9459127228027043 1 0.9459127228027043  
23486 0.8935309973045822 1 0.8935309973045822  
23561 0.9947967479674796 1 0.9947967479674796  
23650 0.9919436052366566 1 0.9919436052366566  
23652 0.9963401383885172 1 0.9963401383885172  
23680 0.9727891156462585 1 0.9727891156462585  
23683 1.0 1 1.0  
23737 0.9920875316807813 1 0.9920875316807813  
23806 1.0 1 1.0  
23826 1.0 1 1.0  
23835 1.0 1 1.0  
23846 0.8975486357887129 1 0.8975486357887129  
24000 0.98 1 0.98  
24002 1.0 1 1.0  
24048 0.9965624664303362 1 0.9965624664303362  
24064 0.94 1 0.94  
24128 0.992695314729213 1 0.992695314729213  
24172 1.0 1 1.0  
24196 1.0 1 1.0  
24284 1.0 1 1.0  
24320 0.9901315789473685 1 0.9901315789473685  
24367 0.9345234764116627 1 0.9345234764116627  
24422 0.9670425991935955 1 0.9670425991935955  
24436 0.7399411187438666 1 0.7399411187438666  
24531 0.9966157262968642 1 0.9966157262968642  
24666 0.9355666136561843 1 0.9355666136561843  
24684 0.993327425324506 1 0.993327425324506  
24720 0.9932670559149965 1 0.9932670559149965  
24757 0.888038533583088 1 0.888038533583088  
24768 0.9967105263157895 1 0.9967105263157895  
24794 0.9704225352112676 1 0.9704225352112676  
24868 1.0 1 1.0  
24946 0.9966825627202985 1 0.9966825627202985  
25031 0.9126060159089712 1 0.9126060159089712  
25160 0.9967494540098533 1 0.9967494540098533  
25170 1.0 1 1.0  
25171 0.8299024307709661 1 0.8299024307709661  
25177 0.9045986860896886 1 0.9045986860896886  
25196 0.8427334071910565 1 0.8427334071910565  
25217 1.0 1 1.0  
25247 1.8608866705629248 2 0.9304433352814624  
25259 0.9966123226762651 1 0.9966123226762651  
25313 1.0 1 1.0  
25358 0.9966663194082717 1 0.9966663194082717  
25362 0.8933549871430505 1 0.8933549871430505  
25465 0.746408082449104 1 0.746408082449104  
25532 0.9907797153738224 1 0.9907797153738224  
25539 0.9968354430379747 1 0.9968354430379747  
25553 1.0 1 1.0  
25642 0.9930978700458345 1 0.9930978700458345  
25792 1.0 1 1.0  
25808 0.8824556299098051 1 0.8824556299098051  
25817 0.9939738543033484 1 0.9939738543033484  
25868 0.8833531510107016 1 0.8833531510107016  
25913 0.9736414515255462 1 0.9736414515255462  
25973 1.0 1 1.0  
25976 0.993473050838815 1 0.993473050838815  
26064 0.5 1 0.5  
26066 0.9751769611170368 1 0.9751769611170368  
26104 1.0 1 1.0  
26115 1.0 1 1.0  
26132 1.0 1 1.0  
26160 0.8421052631578947 1 0.8421052631578947  
26254 0.8912252325111201 1 0.8912252325111201  
26338 1.0 1 1.0  
26382 0.9246365344674117 1 0.9246365344674117  
26397 0.9557232425234423 1 0.9557232425234423  
26420 0.924340293425467 1 0.924340293425467  
26470 0.9295059184358078 1 0.9295059184358078  
26597 0.9450861488112426 1 0.9450861488112426  
26688 1.0 1 1.0  
26734 1.0 1 1.0  
26816 0.9879154078549849 1 0.9879154078549849  
26832 0.9219183511692429 1 0.9219183511692429  
27054 1.0 1 1.0  
27061 0.9970359392367544 1 0.9970359392367544  
27194 0.9654899772103623 1 0.9654899772103623  
27197 1.0 1 1.0  
27233 0.9842852231989393 1 0.9842852231989393  
27250 0.9375 1 0.9375  
27302 1.0 1 1.0  
27309 0.9970613894118188 1 0.9970613894118188  
27421 0.993409007689491 1 0.993409007689491  
27423 0.9671135609847247 1 0.9671135609847247  
27436 0.7932577255228385 1 0.7932577255228385  
27520 1.0 1 1.0  
27532 1.0 1 1.0  
27595 0.9378988254878388 1 0.9378988254878388  
27700 0.9232251092421181 1 0.9232251092421181  
27730 0.9538208559813639 1 0.9538208559813639  
27736 0.9942214798428964 1 0.9942214798428964  
27756 1.0 1 1.0  
27866 0.920596533655784 1 0.920596533655784  
27867 1.0 1 1.0  
28022 0.973809134064495 1 0.973809134064495  
28024 1.0 1 1.0  
28034 0.6189557090613572 1 0.6189557090613572  
28045 0.9295898223294582 1 0.9295898223294582  
28057 0.9959432048681541 1 0.9959432048681541  
28092 1.0 1 1.0  
28109 0.9857504328139566 1 0.9857504328139566  
28152 0.8842490842490842 1 0.8842490842490842  
28172 1.937424164989099 2 0.9687120824945495  
28348 0.997007807751648 1 0.997007807751648  
28364 0.9910732966036683 1 0.9910732966036683  
28368 0.9940119760479041 1 0.9940119760479041  
28407 0.6629701783305859 1 0.6629701783305859  
28445 1.0 1 1.0  
28463 1.0 1 1.0  
28616 1.0 1 1.0  
28654 0.9522047349413706 1 0.9522047349413706  
28744 0.9968932038834951 1 0.9968932038834951  
28796 1.0 1 1.0  
28835 0.9504993486756405 1 0.9504993486756405  
28847 0.997184213999736 1 0.997184213999736  
28888 0.5247685406127708 1 0.5247685406127708  
28895 0.9900318616294947 1 0.9900318616294947  
28919 0.8709749056184766 1 0.8709749056184766  
29106 0.8081039056068783 1 0.8081039056068783  
29184 0.9585635359116023 1 0.9585635359116023  
29202 0.96760353734349 1 0.96760353734349  
29208 0.8519202174024509 1 0.8519202174024509  
29243 1.0 1 1.0  
29258 1.0 1 1.0  
29312 0.800341224141608 1 0.800341224141608  
29355 0.8595593657817109 1 0.8595593657817109  
29395 0.9629742033383915 1 0.9629742033383915  
29471 0.9921138562010967 1 0.9921138562010967  
29476 0.958747536676155 1 0.958747536676155  
29583 0.9971838422951685 1 0.9971838422951685  
29644 1.0 1 1.0  
29696 1.9104107323348343 2 0.9552053661674171  
29742 1.0 1 1.0  
29790 0.996169270365715 1 0.996169270365715  
29855 0.8291742387305527 1 0.8291742387305527  
29883 0.9973001476481755 1 0.9973001476481755  
30016 0.997289972899729 1 0.997289972899729  
30060 1.0 1 1.0  
30062 0.9785135758949179 1 0.9785135758949179  
30083 0.9123811641741257 1 0.9123811641741257  
30144 1.0 1 1.0  
30183 1.0 1 1.0  
30220 0.9618476404681577 1 0.9618476404681577  
30222 0.8328578120342376 1 0.8328578120342376  
30312 0.790794283815221 1 0.790794283815221  
30331 0.9972845687131402 1 0.9972845687131402  
30357 0.9854672474017854 1 0.9854672474017854  
30457 0.978494623655914 1 0.978494623655914  
30679 1.0 1 1.0  
30686 0.9946949602122016 1 0.9946949602122016  
30951 1.0 1 1.0  
30973 0.9522160340712313 1 0.9522160340712313  
30974 0.938757206918642 1 0.938757206918642  
31052 0.7894954507857733 1 0.7894954507857733  
31140 0.9972858354537744 1 0.9972858354537744  
31266 0.9767610748002905 1 0.9767610748002905  
31330 0.9770168262134694 1 0.9770168262134694  
31427 0.8847279110590989 1 0.8847279110590989  
31625 0.9958821258525287 1 0.9958821258525287  
31727 0.9371066452537002 1 0.9371066452537002  
31969 0.994375851311569 1 0.994375851311569  
31985 0.967725349048768 1 0.967725349048768  
32034 0.9934593765968319 1 0.9934593765968319  
32113 0.9947508714373591 1 0.9947508714373591  
32230 0.9949823598588788 1 0.9949823598588788  
32299 0.9654427645788337 1 0.9654427645788337  
32328 0.9947368421052631 1 0.9947368421052631  
32512 0.9557291666666666 1 0.9557291666666666  
32552 0.8760486492995625 1 0.8760486492995625  
32620 1.0 1 1.0  
32642 0.9843737283307561 1 0.9843737283307561  
32672 1.0 1 1.0  
32713 0.9947043978321128 1 0.9947043978321128  
32810 1.0 1 1.0  
32850 0.9973791973791973 1 0.9973791973791973  
32937 1.0 1 1.0  
33012 0.9974238215996458 1 0.9974238215996458  
33028 1.0 1 1.0  
33144 0.87635305528613 1 0.87635305528613  
33179 0.9287455030753162 1 0.9287455030753162  
33251 0.9334384236453201 1 0.9334384236453201  
33316 0.9326466533925563 1 0.9326466533925563  
33376 0.8891599860578598 1 0.8891599860578598  
33455 0.9710934227063259 1 0.9710934227063259  
33481 0.750947857637898 1 0.750947857637898  
33552 0.9379926431949553 1 0.9379926431949553  
33648 1.0 1 1.0  
33776 0.993633107839236 1 0.993633107839236  
33932 0.9950435624394967 1 0.9950435624394967  
34003 0.5444844920800531 1 0.5444844920800531  
34076 0.8503512693597317 1 0.8503512693597317  
34080 1.0 1 1.0  
34092 0.9943733790496285 1 0.9943733790496285  
34141 1.0 1 1.0  
34208 1.0 1 1.0  
34260 0.9748674797049338 1 0.9748674797049338  
34412 0.9457523029682702 1 0.9457523029682702  
34544 1.0 1 1.0  
34556 0.985816126768367 1 0.985816126768367  
34561 1.0 1 1.0  
34626 0.9951941127881655 1 0.9951941127881655  
34630 1.0 1 1.0  
34659 0.9341918124159139 1 0.9341918124159139  
34882 0.9976388991367225 1 0.9976388991367225  
34923 0.7193595877806405 1 0.7193595877806405  
34936 0.9950341402855369 1 0.9950341402855369  
34981 0.7952380952380952 1 0.7952380952380952  
35122 1.0 1 1.0  
35164 0.9953693654583604 1 0.9953693654583604  
35243 0.9969856819894499 1 0.9969856819894499  
35452 1.0 1 1.0  
35558 0.9951555521913557 1 0.9951555521913557  
35580 1.0 1 1.0  
35923 0.9347748462606625 1 0.9347748462606625  
36033 0.744839897355796 1 0.744839897355796  
36170 0.9700066405961779 1 0.9700066405961779  
36177 0.5573937019300537 1 0.5573937019300537  
36190 0.8882342748223878 1 0.8882342748223878  
36327 1.0 1 1.0  
36361 1.0 1 1.0  
36382 0.8754838178374372 1 0.8754838178374372  
36389 0.9977860033901823 1 0.9977860033901823  
36390 0.8113052488655447 1 0.8113052488655447  
36418 0.9836041892379921 1 0.9836041892379921  
36530 0.9916980153067843 1 0.9916980153067843  
36554 1.0 1 1.0  
36572 0.9950575334002626 1 0.9950575334002626  
36850 0.9900610583446404 1 0.9900610583446404  
36925 0.8755591277606933 1 0.8755591277606933  
36950 0.9443815919127039 1 0.9443815919127039  
37010 0.995353396014085 1 0.995353396014085  
37051 0.9975727234801077 1 0.9975727234801077  
37154 0.9903081699098962 1 0.9903081699098962  
37262 0.9890866925857718 1 0.9890866925857718  
37280 0.8064516129032258 1 0.8064516129032258  
37284 0.9276345703193313 1 0.9276345703193313  
37398 0.9616479709100888 1 0.9616479709100888  
37482 0.9955397588682138 1 0.9955397588682138  
37484 0.9978392248219049 1 0.9978392248219049  
37518 0.9400895659226348 1 0.9400895659226348  
37598 1.0 1 1.0  
37652 1.0 1 1.0  
37702 0.9236886883184139 1 0.9236886883184139  
37788 1.0 1 1.0  
37897 0.9956629282011317 1 0.9956629282011317  
37988 0.9444502526572573 1 0.9444502526572573  
38007 0.8889782221134688 1 0.8889782221134688  
38016 0.9746300211416491 1 0.9746300211416491  
38075 0.9945993839922366 1 0.9945993839922366  
38106 0.9950017571947363 1 0.9950017571947363  
38112 0.9643184316599487 1 0.9643184316599487  
38171 1.0 1 1.0  
38491 0.9710959318954204 1 0.9710959318954204  
38532 1.0 1 1.0  
38591 0.9512145196506551 1 0.9512145196506551  
38592 0.9913978494623656 1 0.9913978494623656  
38659 1.0 1 1.0  
38707 0.9954958125131959 1 0.9954958125131959  
38726 0.9935976524725733 1 0.9935976524725733  
38853 1.0 1 1.0  
39052 0.9403565205736496 1 0.9403565205736496  
39082 0.984336556121565 1 0.984336556121565  
39169 0.8156502367028683 1 0.8156502367028683  
39254 0.9936848337335131 1 0.9936848337335131  
39310 0.40156370591590884 1 0.40156370591590884  
39451 0.9978365953419194 1 0.9978365953419194  
39848 0.5375417429710223 1 0.5375417429710223  
39950 0.6122918947487637 1 0.6122918947487637  
39951 0.7461381521422326 1 0.7461381521422326  
40003 1.0 1 1.0  
40082 0.9959175862728838 1 0.9959175862728838  
40085 0.971823819367149 1 0.971823819367149  
40171 0.991874563575192 1 0.991874563575192  
40220 0.9835982414609401 1 0.9835982414609401  
40298 0.9979265882657855 1 0.9979265882657855  
40582 0.926623871869836 1 0.926623871869836  
40624 0.9951535345121351 1 0.9951535345121351  
40768 1.0 1 1.0  
40835 0.9976438537716747 1 0.9976438537716747  
40847 0.9980302237542704 1 0.9980302237542704  
40929 0.8505190311418686 1 0.8505190311418686  
40954 0.9861850529011389 1 0.9861850529011389  
41018 0.9979966192950604 1 0.9979966192950604  
41062 1.0 1 1.0  
41197 0.9908080581622521 1 0.9908080581622521  
41205 0.9682823101645943 1 0.9682823101645943  
41267 1.0 1 1.0  
41393 1.0 1 1.0  
41395 0.9978184545113679 1 0.9978184545113679  
41489 0.9960329758879316 1 0.9960329758879316  
41499 0.9798520873652198 1 0.9798520873652198  
41517 0.9959077975638607 1 0.9959077975638607  
41676 0.8847361429779013 1 0.8847361429779013  
41799 1.0 1 1.0  
41918 1.0 1 1.0  
41921 0.874233409610984 1 0.874233409610984  
41940 0.9428571428571428 1 0.9428571428571428  
42119 0.9248252338657931 1 0.9248252338657931  
42374 0.8221146527841203 1 0.8221146527841203  
42463 0.9080665889596222 1 0.9080665889596222  
42512 0.7727272727272727 1 0.7727272727272727  
42737 0.9070890288063158 1 0.9070890288063158  
42882 0.9962669155389641 1 0.9962669155389641  
42980 1.0 1 1.0  
43132 0.9821201669994555 1 0.9821201669994555  
43221 0.9855072463768116 1 0.9855072463768116  
43514 0.7491273996509599 1 0.7491273996509599  
43724 1.0 1 1.0  
43781 0.8859717144861711 1 0.8859717144861711  
43858 0.9980999881249257 1 0.9980999881249257  
43925 0.995930694643141 1 0.995930694643141  
43985 1.0 1 1.0  
44210 0.9927154076715863 1 0.9927154076715863  
44218 0.9551703526598924 1 0.9551703526598924  
44259 0.9166433218165406 1 0.9166433218165406  
44359 0.8213329131873326 1 0.8213329131873326  
44521 0.9962069578616725 1 0.9962069578616725  
44767 0.9115986928659339 1 0.9115986928659339  
45075 1.0 1 1.0  
45144 0.9842675832892649 1 0.9842675832892649  
45323 1.0 1 1.0  
45522 0.9053481673914271 1 0.9053481673914271  
45559 0.9586824537787424 1 0.9586824537787424  
45594 0.9380681818181819 1 0.9380681818181819  
45683 0.9978779840848806 1 0.9978779840848806  
45752 1.0 1 1.0  
45772 1.0 1 1.0  
45811 0.9981755466233359 1 0.9981755466233359  
45819 1.0 1 1.0  
46035 0.9964639907179756 1 0.9964639907179756  
46053 0.9961662872888463 1 0.9961662872888463  
46065 0.7019550815963806 1 0.7019550815963806  
46437 0.9981411019779837 1 0.9981411019779837  
46600 0.8857142857142857 1 0.8857142857142857  
46607 1.0 1 1.0  
46618 0.8768107898096242 1 0.8768107898096242  
46654 0.9960557130531246 1 0.9960557130531246  
46682 0.9979978101048022 1 0.9979978101048022  
46936 0.9980846351828575 1 0.9980846351828575  
47122 0.9982640772485625 1 0.9982640772485625  
47160 0.9961408586589484 1 0.9961408586589484  
47349 1.0 1 1.0  
47657 1.0 1 1.0  
47782 0.9962265263406149 1 0.9962265263406149  
47862 1.0 1 1.0  
47889 0.9797350731514433 1 0.9797350731514433  
48219 0.8807647547797174 1 0.8807647547797174  
48320 0.8662092624356775 1 0.8662092624356775  
48380 0.9716771881931411 1 0.9716771881931411  
48428 0.9547386559448593 1 0.9547386559448593  
48598 0.9512293779434284 1 0.9512293779434284  
48632 0.9903937506597699 1 0.9903937506597699  
48673 0.9963134702341523 1 0.9963134702341523  
48743 1.0 1 1.0  
48879 0.8694914103347593 1 0.8694914103347593  
49048 0.9965461413923368 1 0.9965461413923368  
49054 0.9446717319306448 1 0.9446717319306448  
49110 0.9982539422709663 1 0.9982539422709663  
49262 0.993660855784469 1 0.993660855784469  
49467 0.5117084485114225 1 0.5117084485114225  
49539 0.9531621493105088 1 0.9531621493105088  
49678 1.0 1 1.0  
49861 0.983288971819005 1 0.983288971819005  
49879 0.9982292560108458 1 0.9982292560108458  
49888 1.0 1 1.0  
50099 0.9983775699039217 1 0.9983775699039217  
50123 0.9752857975716712 1 0.9752857975716712  
50230 0.9959777519404205 1 0.9959777519404205  
50372 0.23970328872289656 1 0.23970328872289656  
51938 0.9953181009046794 1 0.9953181009046794  
52124 0.8453543544297442 1 0.8453543544297442  
52255 1.0 1 1.0  
52480 1.0 1 1.0  
52540 1.0 1 1.0  
52696 0.9984748832332475 1 0.9984748832332475  
52779 1.0 1 1.0  
52899 1.0 1 1.0  
52980 0.9533258803801006 1 0.9533258803801006  
53194 0.9892766527837618 1 0.9892766527837618  
53221 1.0 1 1.0  
53238 0.9944072240023303 1 0.9944072240023303  
53441 1.0 1 1.0  
53794 1.0 1 1.0  
53827 0.9985079498298131 1 0.9985079498298131  
53957 0.949475645588973 1 0.949475645588973  
54059 0.9968889753062415 1 0.9968889753062415  
54081 0.9867571209516286 1 0.9867571209516286  
55177 0.998362878264651 1 0.998362878264651  
55188 0.9970975714836399 1 0.9970975714836399  
55515 0.998413603351263 1 0.998413603351263  
55762 1.0 1 1.0  
55907 1.0 1 1.0  
55998 0.9540146836033097 1 0.9540146836033097  
56270 0.9772451319872285 1 0.9772451319872285  
56733 0.9578151732591098 1 0.9578151732591098  
57138 0.9641504329004329 1 0.9641504329004329  
57313 0.9671036632547034 1 0.9671036632547034  
57324 0.9971032859599891 1 0.9971032859599891  
57397 0.9949470432480141 1 0.9949470432480141  
57433 0.9984127771439909 1 0.9984127771439909  
57505 0.955122591943958 1 0.955122591943958  
57534 1.0 1 1.0  
58197 0.9982637475923062 1 0.9982637475923062  
58383 0.9403239939784753 1 0.9403239939784753  
58886 1.0 1 1.0  
59583 0.9710399485916247 1 0.9710399485916247  
59597 0.9973075871353148 1 0.9973075871353148  
59644 0.9905287414642396 1 0.9905287414642396  
59744 0.8462993724621631 1 0.8462993724621631  
59890 1.0 1 1.0  
60210 0.96875 1 0.96875  
60256 0.998509131569139 1 0.998509131569139  
60334 0.9982546089233119 1 0.9982546089233119  
60406 0.9234003256458237 1 0.9234003256458237  
60655 0.9898168296959837 1 0.9898168296959837  
60665 0.9945327228656073 1 0.9945327228656073  
60700 0.9904314544189283 1 0.9904314544189283  
60716 1.0 1 1.0  
60801 0.998482297422277 1 0.998482297422277  
60981 0.7712571561357923 1 0.7712571561357923  
61258 0.32089517078916374 1 0.32089517078916374  
61468 0.9406435488909716 1 0.9406435488909716  
61804 0.2978075642099671 1 0.2978075642099671  
62299 0.9555683634172539 1 0.9555683634172539  
62396 1.0 1 1.0  
62472 0.9986470488753594 1 0.9986470488753594  
62727 0.9985775881228608 1 0.9985775881228608  
62825 0.8826170622193714 1 0.8826170622193714  
62868 0.961008467139435 1 0.961008467139435  
63001 0.864614937035036 1 0.864614937035036  
63147 0.9260133630289532 1 0.9260133630289532  
63753 1.0 1 1.0  
64106 0.9696023144168885 1 0.9696023144168885  
64311 1.0 1 1.0  
64485 0.9972290773693553 1 0.9972290773693553  
64498 0.9542591978786874 1 0.9542591978786874  
64511 0.8183582496891773 1 0.8183582496891773  
64700 1.0 1 1.0  
64737 0.8990317195325542 1 0.8990317195325542  
64856 1.0 1 1.0  
64942 0.9534497411728348 1 0.9534497411728348  
65074 0.9962159285756519 1 0.9962159285756519  
65305 0.9985660512636674 1 0.9985660512636674  
65511 0.9686284196875193 1 0.9686284196875193  
66380 0.9973740357787625 1 0.9973740357787625  
66635 0.9983849395614102 1 0.9983849395614102  
67077 1.0 1 1.0  
67269 0.9624273387372528 1 0.9624273387372528  
67361 0.9270428389977291 1 0.9270428389977291  
67534 1.0 1 1.0  
67578 0.9982295662437297 1 0.9982295662437297  
67739 0.8656854917024537 1 0.8656854917024537  
67766 0.9898489539356412 1 0.9898489539356412  
67851 0.9278041182803087 1 0.9278041182803087  
68093 0.9972403682383632 1 0.9972403682383632  
68336 1.0 1 1.0  
68770 0.9013382018030904 1 0.9013382018030904  
69420 1.0 1 1.0  
69496 0.9718902169101372 1 0.9718902169101372  
69512 0.8761650052678499 1 0.8761650052678499  
70016 0.9786608247631797 1 0.9786608247631797  
70155 0.9896126568466994 1 0.9896126568466994  
70312 0.9572845474245708 1 0.9572845474245708  
70333 1.0 1 1.0  
70486 0.9641165993309875 1 0.9641165993309875  
70517 0.9396907950983187 1 0.9396907950983187  
70930 0.9730949736681833 1 0.9730949736681833  
70973 1.0 1 1.0  
71015 0.9863116511794139 1 0.9863116511794139  
71069 0.9988441603005184 1 0.9988441603005184  
71113 0.9708672456801588 1 0.9708672456801588  
71569 1.0 1 1.0  
72173 0.9678972712680578 1 0.9678972712680578  
72298 1.0 1 1.0  
72422 0.9988940920322786 1 0.9988940920322786  
72995 0.8868035190615836 1 0.8868035190615836  
73310 0.9693972756111214 1 0.9693972756111214  
73462 1.0 1 1.0  
73817 0.9111993272972603 1 0.9111993272972603  
74118 0.8890240801946755 1 0.8890240801946755  
74152 0.9987448519317513 1 0.9987448519317513  
74177 1.0 1 1.0  
74340 0.9792332268370607 1 0.9792332268370607  
75071 0.9986567884651709 1 0.9986567884651709  
75248 0.9962408959198058 1 0.9962408959198058  
75764 0.8846271862534519 1 0.8846271862534519  
75970 0.8532307175013543 1 0.8532307175013543  
76027 0.9988023503873648 1 0.9988023503873648  
76691 1.0 1 1.0  
76853 1.0 1 1.0  
77176 0.9944168734491315 1 0.9944168734491315  
77321 1.0 1 1.0  
77590 0.8796731729459828 1 0.8796731729459828  
78426 0.9985960909908527 1 0.9985960909908527  
78541 0.9769524604371971 1 0.9769524604371971  
78864 0.9177469825659366 1 0.9177469825659366  
78980 0.998762088974855 1 0.998762088974855  
79357 0.850909628753143 1 0.850909628753143  
79564 0.998849554613286 1 0.998849554613286  
79571 0.983037804213294 1 0.983037804213294  
79625 1.0 1 1.0  
80049 0.9421758762953578 1 0.9421758762953578  
80344 1.0 1 1.0  
81237 0.9466145163227145 1 0.9466145163227145  
81273 1.0 1 1.0  
81932 1.0 1 1.0  
82232 0.997883317899193 1 0.997883317899193  
83028 0.9964108891060871 1 0.9964108891060871  
83342 0.9741819002482509 1 0.9741819002482509  
83404 0.70504455760662 1 0.70504455760662  
84090 1.0 1 1.0  
84624 0.9986790505675954 1 0.9986790505675954  
84715 0.965553235908142 1 0.965553235908142  
85031 1.0 1 1.0  
85059 0.9528954643951282 1 0.9528954643951282  
85262 0.9500362377789939 1 0.9500362377789939  
85320 0.9990578398033241 1 0.9990578398033241  
86012 1.0 1 1.0  
86679 1.0 1 1.0  
86795 0.8161024702653248 1 0.8161024702653248  
86880 0.9743119266055046 1 0.9743119266055046  
87059 0.9935559039714619 1 0.9935559039714619  
87702 0.9979151355161915 1 0.9979151355161915  
87751 0.9685105629124408 1 0.9685105629124408  
88515 1.0 1 1.0  
88849 0.9988522032317653 1 0.9988522032317653  
90331 0.9980695854133048 1 0.9980695854133048  
90384 0.9990311691064049 1 0.9990311691064049  
90854 0.8517651759468021 1 0.8517651759468021  
91231 0.9770098175081326 1 0.9770098175081326  
91399 1.0 1 1.0  
91933 1.0 1 1.0  
92153 0.9490890688259109 1 0.9490890688259109  
93943 0.8384553322575913 1 0.8384553322575913  
94917 0.9176954183293518 1 0.9176954183293518  
95049 0.9845722491964713 1 0.9845722491964713  
95126 0.9926193276288576 1 0.9926193276288576  
95451 0.9974164379137737 1 0.9974164379137737  
96237 1.0 1 1.0  
97636 0.9382403421400636 1 0.9382403421400636  
97911 0.9314757544827166 1 0.9314757544827166  
98039 0.9989938214347478 1 0.9989938214347478  
98327 0.5566755518749514 1 0.5566755518749514  
98500 0.955101350472275 1 0.955101350472275  
99163 1.0 1 1.0  
100271 0.9991313317769694 1 0.9991313317769694  
100332 0.9503717123758356 1 0.9503717123758356  
100423 1.0 1 1.0  
100894 1.0 1 1.0  
100964 0.9297975492129742 1 0.9297975492129742  
100969 0.9990473922362467 1 0.9990473922362467  
101121 0.999183433915562 1 0.999183433915562  
101145 0.17293146771087103 1 0.17293146771087103  
103889 1.0 1 1.0  
104752 0.9907870458738945 1 0.9907870458738945  
104816 0.9476809266559595 1 0.9476809266559595  
105093 0.9394012264037513 1 0.9394012264037513  
105642 0.9858554543693083 1 0.9858554543693083  
106895 0.9640742250245738 1 0.9640742250245738  
107822 0.9530052918410868 1 0.9530052918410868  
108441 0.9990226620243113 1 0.9990226620243113  
109981 0.9985205561784117 1 0.9985205561784117  
109998 0.9983676384319127 1 0.9983676384319127  
110962 0.9992747710996284 1 0.9992747710996284  
111848 1.0 1 1.0  
111849 0.9992690225460858 1 0.9992690225460858  
112803 1.0 1 1.0  
113099 0.9675677473721559 1 0.9675677473721559  
113673 0.9923714338472902 1 0.9923714338472902  
114428 0.8963329289913222 1 0.8963329289913222  
114761 0.9888146374584569 1 0.9888146374584569  
114912 1.0 1 1.0  
115075 0.6945612895135825 1 0.6945612895135825  
116418 1.0 1 1.0  
117048 0.9992995436088826 1 0.9992995436088826  
117191 0.9684561480564595 1 0.9684561480564595  
117861 0.9959788386383343 1 0.9959788386383343  
118462 0.9158912110183712 1 0.9158912110183712  
118695 0.9722182268789484 1 0.9722182268789484  
120023 0.9985914873013777 1 0.9985914873013777  
120896 0.9653659821561509 1 0.9653659821561509  
121573 0.9828933231805902 1 0.9828933231805902  
121643 0.9965458988204773 1 0.9965458988204773  
123168 0.9810212810899298 1 0.9810212810899298  
125583 0.9656126097900889 1 0.9656126097900889  
125587 0.9884732403569314 1 0.9884732403569314  
126917 0.9877424297407362 1 0.9877424297407362  
126948 0.9528583921417095 1 0.9528583921417095  
126974 1.0 1 1.0  
127320 0.9993120794548229 1 0.9993120794548229  
127478 0.9986028793782813 1 0.9986028793782813  
128184 0.957626214110364 1 0.957626214110364  
128286 0.999334248741314 1 0.999334248741314  
128974 0.9717154511632077 1 0.9717154511632077  
130899 0.9519495211531335 1 0.9519495211531335  
131352 1.0 1 1.0  
132711 0.9990261864548622 1 0.9990261864548622  
132713 0.7424478963390836 1 0.7424478963390836  
132766 0.9278634468043837 1 0.9278634468043837  
133574 0.9694591399724822 1 0.9694591399724822  
136050 0.9915808876830354 1 0.9915808876830354  
136200 0.9750566893424036 1 0.9750566893424036  
136665 0.9992750421948098 1 0.9992750421948098  
136924 0.09998615533711754 1 0.09998615533711754  
137546 0.993736058911602 1 0.993736058911602  
137793 0.9853055196603286 1 0.9853055196603286  
138040 1.0 1 1.0  
138279 0.8825235545745583 1 0.8825235545745583  
139036 0.9988083046271297 1 0.9988083046271297  
139610 0.98275924681786 1 0.98275924681786  
140084 1.0 1 1.0  
140208 0.9041095890410958 1 0.9041095890410958  
141150 0.9918344548767188 1 0.9918344548767188  
141195 1.0 1 1.0  
143300 1.0 1 1.0  
143791 0.9765406478390327 1 0.9765406478390327  
144008 0.9994318484455729 1 0.9994318484455729  
144758 1.0 1 1.0  
145748 0.9882268052536397 1 0.9882268052536397  
145925 0.9945015492057246 1 0.9945015492057246  
146567 0.9862599279866784 1 0.9862599279866784  
148526 0.9643743353420773 1 0.9643743353420773  
150370 0.9958252182907623 1 0.9958252182907623  
150388 0.9977942190156702 1 0.9977942190156702  
152129 0.9989479653814858 1 0.9989479653814858  
153788 1.0 1 1.0  
155556 0.9989071224876624 1 0.9989071224876624  
156724 0.9994886095773837 1 0.9994886095773837  
157045 0.9819428416265019 1 0.9819428416265019  
157047 1.0 1 1.0  
159976 1.0 1 1.0  
160343 0.9994161383022396 1 0.9994161383022396  
160559 0.9928165720013364 1 0.9928165720013364  
161797 0.9759683391177312 1 0.9759683391177312  
164115 0.999474617455835 1 0.999474617455835  
165336 0.991127360619249 1 0.991127360619249  
166318 0.9994440776901428 1 0.9994440776901428  
169234 0.9352232868184096 1 0.9352232868184096  
170048 1.0 1 1.0  
170729 0.9433330085225357 1 0.9433330085225357  
171656 1.0 1 1.0  
172617 1.0 1 1.0  
173110 0.9889701092856625 1 0.9889701092856625  
175359 1.0 1 1.0  
176169 1.0 1 1.0  
177427 0.9995321979387471 1 0.9995321979387471  
178361 0.9679328799946256 1 0.9679328799946256  
178817 0.9760227783605575 1 0.9760227783605575  
183728 0.9765196100795352 1 0.9765196100795352  
184315 0.9535725627183232 1 0.9535725627183232  
184339 0.9881553900025851 1 0.9881553900025851  
187504 1.0 1 1.0  
187994 1.0 1 1.0  
189201 1.0 1 1.0  
192721 0.9896586569377551 1 0.9896586569377551  
193584 0.9671381547233738 1 0.9671381547233738  
194350 1.0 1 1.0  
195072 1.0 1 1.0  
196571 0.9914887311057562 1 0.9914887311057562  
196989 1.0 1 1.0  
197341 0.9904757677406264 1 0.9904757677406264  
201475 0.999577435030636 1 0.999577435030636  
202078 0.9726015514634812 1 0.9726015514634812  
202725 0.9992096862825001 1 0.9992096862825001  
202789 0.9739071126989283 1 0.9739071126989283  
206645 1.0 1 1.0  
209299 0.06498076816220187 1 0.06498076816220187  
214490 0.9492632509173342 1 0.9492632509173342  
215635 1.0 1 1.0  
219901 0.9818663176369099 1 0.9818663176369099  
221796 0.0020188346772781907 1 0.0020188346772781907  
222302 0.9455608921563528 1 0.9455608921563528  
223187 0.9927267516836223 1 0.9927267516836223  
223644 1.0 1 1.0  
224574 0.46005512728576553 1 0.46005512728576553  
225596 0.9992719992719993 1 0.9992719992719993  
225945 0.9911923816336567 1 0.9911923816336567  
226077 1.0 1 1.0  
226082 0.4027439819899634 1 0.4027439819899634  
234902 0.9801751152577782 1 0.9801751152577782  
235658 1.0 1 1.0  
236167 0.9818703869667719 1 0.9818703869667719  
237182 0.9683295780193818 1 0.9683295780193818  
241355 0.9917029487172737 1 0.9917029487172737  
243402 0.9770875467991741 1 0.9770875467991741  
249097 0.9992983687072443 1 0.9992983687072443  
251751 0.9779212515104067 1 0.9779212515104067  
258530 0.9979432412758744 1 0.9979432412758744  
260257 0.9927206200953252 1 0.9927206200953252  
261408 0.9996763655855254 1 0.9996763655855254  
264278 1.0 1 1.0  
268329 0.9681179470766181 1 0.9681179470766181  
269059 1.0 1 1.0  
270375 0.9990732472547363 1 0.9990732472547363  
271208 0.9997014883603782 1 0.9997014883603782  
276882 0.9990710636321412 1 0.9990710636321412  
279887 0.9970763394256439 1 0.9970763394256439  
289132 0.98679752715588 1 0.98679752715588  
294474 0.9997191528949193 1 0.9997191528949193  
298603 0.9861506651581945 1 0.9861506651581945  
307159 0.9978507352620114 1 0.9978507352620114  
310830 0.9991750486592392 1 0.9991750486592392  
315118 0.9982181699278264 1 0.9982181699278264  
316008 0.900709219858156 1 0.900709219858156  
320050 0.9616450318225327 1 0.9616450318225327  
322511 0.9997501746825462 1 0.9997501746825462  
326030 1.0 1 1.0  
326088 0.9948033906589661 1 0.9948033906589661  
326132 0.9933036010859504 1 0.9933036010859504  
331986 0.9936264002911797 1 0.9936264002911797  
332898 0.9997559189650964 1 0.9997559189650964  
342292 0.9997252499581436 1 0.9997252499581436  
344414 1.0 1 1.0  
348643 0.9930622807156805 1 0.9930622807156805  
349827 0.9997667417466669 1 0.9997667417466669  
351852 1.0 1 1.0  
357373 0.9724048991457133 1 0.9724048991457133  
357411 1.0 1 1.0  
361995 0.9997732795817008 1 0.9997732795817008  
364832 0.9943664022126792 1 0.9943664022126792  
369302 0.9941328945938814 1 0.9941328945938814  
394429 1.0 1 1.0  
407215 1.0 1 1.0  
414679 1.0 1 1.0  
433482 1.0 1 1.0  
433957 0.7574461644388518 1 0.7574461644388518  
438630 0.9778002255215185 1 0.9778002255215185  
439005 0.9719095247629492 1 0.9719095247629492  
445534 0.9767020122700226 1 0.9767020122700226  
452471 1.0 1 1.0  
460564 0.9998218882627148 1 0.9998218882627148  
461183 0.9871805507164623 1 0.9871805507164623  
471155 0.9956087738839859 1 0.9956087738839859  
487183 0.9994907148294823 1 0.9994907148294823  
489820 0.9921687246208668 1 0.9921687246208668  
489954 0.9870149373809971 1 0.9870149373809971  
492025 0.9989733675754733 1 0.9989733675754733  
492213 0.9804697490107002 1 0.9804697490107002  
506988 1.999680209462802 2 0.999840104731401  
512872 1.0 1 1.0  
516949 0.9962715140246364 1 0.9962715140246364  
525419 0.9974928830622992 1 0.9974928830622992  
527455 0.9998449142787909 1 0.9998449142787909  
530840 0.9996840910212745 1 0.9996840910212745  
533291 0.9724659925143141 1 0.9724659925143141  
534402 0.9993858098073698 1 0.9993858098073698  
538163 1.0 1 1.0  
557992 0.9801569081508394 1 0.9801569081508394  
558515 1.0 1 1.0  
558580 0.9844240406774701 1 0.9844240406774701  
566810 0.9998579195425009 1 0.9998579195425009  
572220 0.9998598099110012 1 0.9998598099110012  
586612 1.0 1 1.0  
593370 0.996634844308168 1 0.996634844308168  
614073 0.9872652141247182 1 0.9872652141247182  
615285 0.9893214234383815 1 0.9893214234383815  
619771 0.9955933057582034 1 0.9955933057582034  
619864 1.0 1 1.0  
633536 0.9938393964890264 1 0.9938393964890264  
636887 1.0 1 1.0  
654116 1.0 1 1.0  
656074 0.9880803666389496 1 0.9880803666389496  
656180 0.9998689459156176 1 0.9998689459156176  
681905 0.9931264750345308 1 0.9931264750345308  
692584 0.9998788894923388 1 0.9998788894923388  
692823 0.9910367844748911 1 0.9910367844748911  
721164 0.979760803179106 1 0.979760803179106  
727934 0.9971555940585125 1 0.9971555940585125  
744765 0.9870722160376342 1 0.9870722160376342  
762084 1.0 1 1.0  
779230 0.9926510390829635 1 0.9926510390829635  
798051 0.9997672443734055 1 0.9997672443734055  
827737 0.9998059668233585 1 0.9998059668233585  
829394 1.0 1 1.0  
835683 1.0 1 1.0  
874969 0.9997179411466574 1 0.9997179411466574  
897353 1.0 1 1.0  
898784 0.9887821758794043 1 0.9887821758794043  
916845 0.9916168436703192 1 0.9916168436703192  
925467 0.9977579974478727 1 0.9977579974478727  
943075 0.9928545254672041 1 0.9928545254672041  
957516 0.9979355055064103 1 0.9979355055064103  
966769 1.0 1 1.0  
983722 1.0 1 1.0  
1010571 1.0 1 1.0  
1024467 0.992266212119081 1 0.992266212119081  
1024751 0.9999127720761609 1 0.9999127720761609  
1071378 0.9998489217379194 1 0.9998489217379194  
1074971 0.9975359792544953 1 0.9975359792544953  
1085134 1.0 1 1.0  
1130680 0.9966704768472752 1 0.9966704768472752  
1141415 1.0 1 1.0  
1159020 0.9999290641005605 1 0.9999290641005605  
1159205 0.9931715219395023 1 0.9931715219395023  
1220380 0.9984423676012462 1 0.9984423676012462  
1227811 0.9998519856472332 1 0.9998519856472332  
1260439 0.9999354740489732 1 0.9999354740489732  
1266138 1.0 1 1.0  
1269304 0.994172844883051 1 0.994172844883051  
1288837 1.0 1 1.0  
1664101 0.9994042855337661 1 0.9994042855337661  
1869606 0.9999571189854352 1 0.9999571189854352  
1895104 1.0 1 1.0  
2069685 0.9990738306033711 1 0.9990738306033711  
2125513 0.9982092734055783 1 0.9982092734055783  
2190749 0.9972962742659385 1 0.9972962742659385  
2198185 0.9991177381888076 1 0.9991177381888076  
2295857 0.9991610552061185 1 0.9991610552061185  
2511892 0.9455030677658415 1 0.9455030677658415  
2543842 1.0 1 1.0  
3385605 1.0 1 1.0  
3395473 0.9997016150522952 1 0.9997016150522952  
3440264 0.9988505182346223 1 0.9988505182346223  
3478805 1.0 1 1.0  
4395242 0.9999646268835115 1 0.9999646268835115  
4427557 0.9995684154309752 1 0.9995684154309752  
5744764 1.0 1 1.0  
