0  0.0  
0  0.001  
0  0.002  
0  0.003  
0  0.004  
0  0.005  
0  0.006  
0  0.007  
0  0.008  
0  0.009000000000000001  
0  0.010000000000000002  
0  0.011000000000000003  
0  0.012000000000000004  
0  0.013000000000000005  
0  0.014000000000000005  
0  0.015000000000000006  
0  0.016000000000000007  
0  0.017000000000000008  
0  0.01800000000000001  
0  0.01900000000000001  
0  0.02000000000000001  
0  0.02100000000000001  
0  0.022000000000000013  
0  0.023000000000000013  
0  0.024000000000000014  
0  0.025000000000000015  
0  0.026000000000000016  
0  0.027000000000000017  
0  0.028000000000000018  
0  0.02900000000000002  
0  0.03000000000000002  
0  0.03100000000000002  
0  0.03200000000000002  
0  0.03300000000000002  
0  0.03400000000000002  
0  0.035000000000000024  
0  0.036000000000000025  
0  0.037000000000000026  
0  0.03800000000000003  
0  0.03900000000000003  
0  0.04000000000000003  
0  0.04100000000000003  
0  0.04200000000000003  
0  0.04300000000000003  
0  0.04400000000000003  
0  0.04500000000000003  
0  0.046000000000000034  
0  0.047000000000000035  
0  0.048000000000000036  
0  0.04900000000000004  
0  0.05000000000000004  
0  0.05100000000000004  
0  0.05200000000000004  
0  0.05300000000000004  
0  0.05400000000000004  
0  0.05500000000000004  
0  0.05600000000000004  
0  0.057000000000000044  
0  0.058000000000000045  
0  0.059000000000000045  
0  0.060000000000000046  
0  0.06100000000000005  
0  0.06200000000000005  
0  0.06300000000000004  
0  0.06400000000000004  
0  0.06500000000000004  
0  0.06600000000000004  
0  0.06700000000000005  
0  0.06800000000000005  
0  0.06900000000000005  
0  0.07000000000000005  
0  0.07100000000000005  
0  0.07200000000000005  
0  0.07300000000000005  
0  0.07400000000000005  
0  0.07500000000000005  
0  0.07600000000000005  
0  0.07700000000000005  
0  0.07800000000000006  
0  0.07900000000000006  
0  0.08000000000000006  
0  0.08100000000000006  
0  0.08200000000000006  
0  0.08300000000000006  
0  0.08400000000000006  
0  0.08500000000000006  
0  0.08600000000000006  
0  0.08700000000000006  
0  0.08800000000000006  
0  0.08900000000000007  
0  0.09000000000000007  
0  0.09100000000000007  
0  0.09200000000000007  
0  0.09300000000000007  
0  0.09400000000000007  
0  0.09500000000000007  
0  0.09600000000000007  
0  0.09700000000000007  
0  0.09800000000000007  
0  0.09900000000000007  
0  0.10000000000000007  
0  0.10100000000000008  
0  0.10200000000000008  
0  0.10300000000000008  
0  0.10400000000000008  
0  0.10500000000000008  
0  0.10600000000000008  
0  0.10700000000000008  
0  0.10800000000000008  
0  0.10900000000000008  
0  0.11000000000000008  
0  0.11100000000000008  
0  0.11200000000000009  
0  0.11300000000000009  
0  0.11400000000000009  
0  0.11500000000000009  
0  0.11600000000000009  
0  0.11700000000000009  
0  0.11800000000000009  
0  0.11900000000000009  
0  0.12000000000000009  
0  0.1210000000000001  
0  0.1220000000000001  
0  0.1230000000000001  
0  0.1240000000000001  
0  0.12500000000000008  
0  0.12600000000000008  
0  0.12700000000000009  
0  0.12800000000000009  
0  0.1290000000000001  
0  0.1300000000000001  
0  0.1310000000000001  
0  0.1320000000000001  
0  0.1330000000000001  
0  0.1340000000000001  
0  0.1350000000000001  
0  0.1360000000000001  
0  0.1370000000000001  
0  0.1380000000000001  
0  0.1390000000000001  
0  0.1400000000000001  
0  0.1410000000000001  
0  0.1420000000000001  
0  0.1430000000000001  
0  0.1440000000000001  
0  0.1450000000000001  
0  0.1460000000000001  
0  0.1470000000000001  
0  0.1480000000000001  
0  0.1490000000000001  
0  0.1500000000000001  
0  0.1510000000000001  
0  0.1520000000000001  
0  0.1530000000000001  
0  0.1540000000000001  
0  0.1550000000000001  
0  0.1560000000000001  
0  0.1570000000000001  
0  0.1580000000000001  
0  0.1590000000000001  
0  0.16000000000000011  
0  0.16100000000000012  
0  0.16200000000000012  
0  0.16300000000000012  
0  0.16400000000000012  
0  0.16500000000000012  
0  0.16600000000000012  
0  0.16700000000000012  
0  0.16800000000000012  
0  0.16900000000000012  
0  0.17000000000000012  
0  0.17100000000000012  
0  0.17200000000000013  
0  0.17300000000000013  
0  0.17400000000000013  
0  0.17500000000000013  
0  0.17600000000000013  
0  0.17700000000000013  
0  0.17800000000000013  
0  0.17900000000000013  
0  0.18000000000000013  
0  0.18100000000000013  
0  0.18200000000000013  
0  0.18300000000000013  
0  0.18400000000000014  
0  0.18500000000000014  
0  0.18600000000000014  
0  0.18700000000000014  
0  0.18800000000000014  
0  0.18900000000000014  
0  0.19000000000000014  
0  0.19100000000000014  
0  0.19200000000000014  
0  0.19300000000000014  
0  0.19400000000000014  
0  0.19500000000000015  
0  0.19600000000000015  
0  0.19700000000000015  
0  0.19800000000000015  
0  0.19900000000000015  
0  0.20000000000000015  
0  0.20100000000000015  
0  0.20200000000000015  
0  0.20300000000000015  
0  0.20400000000000015  
0  0.20500000000000015  
0  0.20600000000000016  
0  0.20700000000000016  
0  0.20800000000000016  
0  0.20900000000000016  
0  0.21000000000000016  
0  0.21100000000000016  
0  0.21200000000000016  
0  0.21300000000000016  
0  0.21400000000000016  
0  0.21500000000000016  
0  0.21600000000000016  
0  0.21700000000000016  
0  0.21800000000000017  
0  0.21900000000000017  
0  0.22000000000000017  
0  0.22100000000000017  
0  0.22200000000000017  
2  0.22300000000000017  
11  0.22400000000000017  
49  0.22500000000000017  
147  0.22600000000000017  
324  0.22700000000000017  
661  0.22800000000000017  
998  0.22900000000000018  
1259  0.23000000000000018  
1685  0.23100000000000018  
1990  0.23200000000000018  
2346  0.23300000000000018  
2941  0.23400000000000018  
3529  0.23500000000000018  
4027  0.23600000000000018  
4108  0.23700000000000018  
4197  0.23800000000000018  
4519  0.23900000000000018  
5409  0.24000000000000019  
6330  0.2410000000000002  
7584  0.2420000000000002  
9268  0.2430000000000002  
10696  0.2440000000000002  
12271  0.2450000000000002  
14145  0.2460000000000002  
16408  0.2470000000000002  
19299  0.2480000000000002  
21248  0.2490000000000002  
23135  0.25000000000000017  
25058  0.25100000000000017  
27646  0.25200000000000017  
29678  0.25300000000000017  
31846  0.25400000000000017  
34131  0.25500000000000017  
35876  0.25600000000000017  
37024  0.2570000000000002  
38211  0.2580000000000002  
39495  0.2590000000000002  
40529  0.2600000000000002  
41938  0.2610000000000002  
43444  0.2620000000000002  
45038  0.2630000000000002  
47056  0.2640000000000002  
49008  0.2650000000000002  
50902  0.2660000000000002  
53180  0.2670000000000002  
55475  0.2680000000000002  
57899  0.2690000000000002  
60630  0.2700000000000002  
63980  0.2710000000000002  
67154  0.2720000000000002  
70314  0.2730000000000002  
74368  0.2740000000000002  
78046  0.2750000000000002  
81417  0.2760000000000002  
84842  0.2770000000000002  
88351  0.2780000000000002  
92410  0.2790000000000002  
95771  0.2800000000000002  
99926  0.2810000000000002  
103721  0.2820000000000002  
107959  0.2830000000000002  
112264  0.2840000000000002  
116472  0.2850000000000002  
120631  0.2860000000000002  
124828  0.2870000000000002  
128949  0.2880000000000002  
133485  0.2890000000000002  
137532  0.2900000000000002  
140860  0.2910000000000002  
144637  0.2920000000000002  
148917  0.2930000000000002  
152251  0.2940000000000002  
156269  0.2950000000000002  
159970  0.2960000000000002  
163901  0.2970000000000002  
167155  0.2980000000000002  
169507  0.2990000000000002  
172137  0.3000000000000002  
175212  0.3010000000000002  
178822  0.3020000000000002  
181823  0.3030000000000002  
184874  0.3040000000000002  
186594  0.3050000000000002  
188005  0.3060000000000002  
189640  0.3070000000000002  
191598  0.3080000000000002  
194002  0.3090000000000002  
196845  0.3100000000000002  
199813  0.3110000000000002  
202491  0.3120000000000002  
205303  0.3130000000000002  
208132  0.3140000000000002  
211198  0.3150000000000002  
214044  0.3160000000000002  
216395  0.3170000000000002  
218483  0.3180000000000002  
220769  0.31900000000000023  
223433  0.32000000000000023  
226121  0.32100000000000023  
228691  0.32200000000000023  
231422  0.32300000000000023  
233691  0.32400000000000023  
236009  0.32500000000000023  
238702  0.32600000000000023  
241431  0.32700000000000023  
244343  0.32800000000000024  
247336  0.32900000000000024  
250112  0.33000000000000024  
253916  0.33100000000000024  
257409  0.33200000000000024  
260113  0.33300000000000024  
263327  0.33400000000000024  
266049  0.33500000000000024  
269204  0.33600000000000024  
272077  0.33700000000000024  
275136  0.33800000000000024  
278105  0.33900000000000025  
280651  0.34000000000000025  
284088  0.34100000000000025  
287303  0.34200000000000025  
290265  0.34300000000000025  
293096  0.34400000000000025  
295996  0.34500000000000025  
299233  0.34600000000000025  
302022  0.34700000000000025  
304896  0.34800000000000025  
308169  0.34900000000000025  
311257  0.35000000000000026  
314164  0.35100000000000026  
317825  0.35200000000000026  
321249  0.35300000000000026  
324386  0.35400000000000026  
327978  0.35500000000000026  
331423  0.35600000000000026  
335030  0.35700000000000026  
338821  0.35800000000000026  
341887  0.35900000000000026  
345636  0.36000000000000026  
349458  0.36100000000000027  
352964  0.36200000000000027  
356397  0.36300000000000027  
359535  0.36400000000000027  
363076  0.36500000000000027  
366983  0.36600000000000027  
370469  0.36700000000000027  
374267  0.36800000000000027  
377950  0.36900000000000027  
380897  0.3700000000000003  
384629  0.3710000000000003  
388196  0.3720000000000003  
391299  0.3730000000000003  
395457  0.3740000000000003  
398931  0.3750000000000003  
402059  0.3760000000000003  
405934  0.3770000000000003  
409846  0.3780000000000003  
413638  0.3790000000000003  
417560  0.3800000000000003  
421339  0.3810000000000003  
425965  0.3820000000000003  
430701  0.3830000000000003  
435269  0.3840000000000003  
439915  0.3850000000000003  
444411  0.3860000000000003  
449136  0.3870000000000003  
453251  0.3880000000000003  
457336  0.3890000000000003  
461186  0.3900000000000003  
465592  0.3910000000000003  
469978  0.3920000000000003  
473987  0.3930000000000003  
478844  0.3940000000000003  
482659  0.3950000000000003  
487384  0.3960000000000003  
492276  0.3970000000000003  
497340  0.3980000000000003  
501409  0.3990000000000003  
506187  0.4000000000000003  
510462  0.4010000000000003  
515963  0.4020000000000003  
520689  0.4030000000000003  
526002  0.4040000000000003  
530262  0.4050000000000003  
535838  0.4060000000000003  
540491  0.4070000000000003  
546056  0.4080000000000003  
550734  0.4090000000000003  
556528  0.4100000000000003  
561754  0.4110000000000003  
567644  0.4120000000000003  
573006  0.4130000000000003  
578091  0.4140000000000003  
583026  0.4150000000000003  
588325  0.4160000000000003  
594154  0.4170000000000003  
600286  0.4180000000000003  
605834  0.4190000000000003  
612378  0.4200000000000003  
617596  0.4210000000000003  
623487  0.4220000000000003  
629541  0.4230000000000003  
636429  0.4240000000000003  
642118  0.4250000000000003  
650003  0.4260000000000003  
656843  0.4270000000000003  
663535  0.4280000000000003  
670095  0.4290000000000003  
677359  0.4300000000000003  
683860  0.4310000000000003  
690112  0.43200000000000033  
698765  0.43300000000000033  
706594  0.43400000000000033  
716144  0.43500000000000033  
722921  0.43600000000000033  
730705  0.43700000000000033  
739124  0.43800000000000033  
746365  0.43900000000000033  
753701  0.44000000000000034  
761187  0.44100000000000034  
770629  0.44200000000000034  
779741  0.44300000000000034  
788200  0.44400000000000034  
797417  0.44500000000000034  
804813  0.44600000000000034  
813961  0.44700000000000034  
822482  0.44800000000000034  
832225  0.44900000000000034  
840892  0.45000000000000034  
850021  0.45100000000000035  
858506  0.45200000000000035  
867098  0.45300000000000035  
876231  0.45400000000000035  
885157  0.45500000000000035  
894626  0.45600000000000035  
904193  0.45700000000000035  
913683  0.45800000000000035  
924008  0.45900000000000035  
934698  0.46000000000000035  
944729  0.46100000000000035  
956044  0.46200000000000035  
964588  0.46300000000000036  
974055  0.46400000000000036  
984056  0.46500000000000036  
993355  0.46600000000000036  
1001560  0.46700000000000036  
1011093  0.46800000000000036  
1020222  0.46900000000000036  
1030067  0.47000000000000036  
1039720  0.47100000000000036  
1050096  0.47200000000000036  
1060364  0.47300000000000036  
1070578  0.47400000000000037  
1080655  0.47500000000000037  
1091078  0.47600000000000037  
1101049  0.47700000000000037  
1113213  0.47800000000000037  
1123700  0.47900000000000037  
1135332  0.48000000000000037  
1148360  0.48100000000000037  
1160674  0.4820000000000004  
1173178  0.4830000000000004  
1183648  0.4840000000000004  
1195613  0.4850000000000004  
1206474  0.4860000000000004  
1219106  0.4870000000000004  
1233570  0.4880000000000004  
1247311  0.4890000000000004  
1260828  0.4900000000000004  
1276228  0.4910000000000004  
1290310  0.4920000000000004  
1304775  0.4930000000000004  
1319681  0.4940000000000004  
1333850  0.4950000000000004  
1350545  0.4960000000000004  
1366353  0.4970000000000004  
1382912  0.4980000000000004  
1399744  0.4990000000000004  
1414781  0.5000000000000003  
1432936  0.5010000000000003  
1447699  0.5020000000000003  
1464154  0.5030000000000003  
1481135  0.5040000000000003  
1496420  0.5050000000000003  
1509662  0.5060000000000003  
1526300  0.5070000000000003  
1543217  0.5080000000000003  
1563214  0.5090000000000003  
1582283  0.5100000000000003  
1601616  0.5110000000000003  
1619885  0.5120000000000003  
1639605  0.5130000000000003  
1659953  0.5140000000000003  
1679944  0.5150000000000003  
1700718  0.5160000000000003  
1721484  0.5170000000000003  
1742694  0.5180000000000003  
1764154  0.5190000000000003  
1787312  0.5200000000000004  
1813348  0.5210000000000004  
1836414  0.5220000000000004  
1857094  0.5230000000000004  
1878119  0.5240000000000004  
1890317  0.5250000000000004  
1903709  0.5260000000000004  
1912877  0.5270000000000004  
1935605  0.5280000000000004  
1952477  0.5290000000000004  
1976644  0.5300000000000004  
2001524  0.5310000000000004  
2028910  0.5320000000000004  
2051610  0.5330000000000004  
2078985  0.5340000000000004  
2101118  0.5350000000000004  
2130923  0.5360000000000004  
2159812  0.5370000000000004  
2190778  0.5380000000000004  
2220169  0.5390000000000004  
2253279  0.5400000000000004  
2285574  0.5410000000000004  
2318352  0.5420000000000004  
2349676  0.5430000000000004  
2377545  0.5440000000000004  
2408860  0.5450000000000004  
2442609  0.5460000000000004  
2474086  0.5470000000000004  
2505147  0.5480000000000004  
2542869  0.5490000000000004  
2578626  0.5500000000000004  
2612190  0.5510000000000004  
2643393  0.5520000000000004  
2687850  0.5530000000000004  
2723810  0.5540000000000004  
2764585  0.5550000000000004  
2799783  0.5560000000000004  
2836740  0.5570000000000004  
2873245  0.5580000000000004  
2900954  0.5590000000000004  
2923188  0.5600000000000004  
2938736  0.5610000000000004  
2960018  0.5620000000000004  
2980654  0.5630000000000004  
2992782  0.5640000000000004  
2999342  0.5650000000000004  
3004898  0.5660000000000004  
3012292  0.5670000000000004  
3028417  0.5680000000000004  
3045804  0.5690000000000004  
3067508  0.5700000000000004  
3098987  0.5710000000000004  
3126756  0.5720000000000004  
3158622  0.5730000000000004  
3185904  0.5740000000000004  
3209896  0.5750000000000004  
3228532  0.5760000000000004  
3250393  0.5770000000000004  
3274182  0.5780000000000004  
3298445  0.5790000000000004  
3322719  0.5800000000000004  
3347686  0.5810000000000004  
3379005  0.5820000000000004  
3411417  0.5830000000000004  
3447138  0.5840000000000004  
3486961  0.5850000000000004  
3525446  0.5860000000000004  
3564916  0.5870000000000004  
3605623  0.5880000000000004  
3645940  0.5890000000000004  
3688086  0.5900000000000004  
3728977  0.5910000000000004  
3777484  0.5920000000000004  
3817977  0.5930000000000004  
3862838  0.5940000000000004  
3914449  0.5950000000000004  
3965356  0.5960000000000004  
4005339  0.5970000000000004  
4045564  0.5980000000000004  
4094449  0.5990000000000004  
4136513  0.6000000000000004  
4181480  0.6010000000000004  
4231716  0.6020000000000004  
4281812  0.6030000000000004  
4337717  0.6040000000000004  
4390396  0.6050000000000004  
4441199  0.6060000000000004  
4498263  0.6070000000000004  
4548945  0.6080000000000004  
4607820  0.6090000000000004  
4659632  0.6100000000000004  
4712159  0.6110000000000004  
4775868  0.6120000000000004  
4830396  0.6130000000000004  
4889852  0.6140000000000004  
4948316  0.6150000000000004  
4997578  0.6160000000000004  
5031746  0.6170000000000004  
5078363  0.6180000000000004  
5132966  0.6190000000000004  
5186846  0.6200000000000004  
5240424  0.6210000000000004  
5288025  0.6220000000000004  
5338870  0.6230000000000004  
5381255  0.6240000000000004  
5430144  0.6250000000000004  
5473805  0.6260000000000004  
5515395  0.6270000000000004  
5560833  0.6280000000000004  
5603568  0.6290000000000004  
5652289  0.6300000000000004  
5695831  0.6310000000000004  
5740380  0.6320000000000005  
5782480  0.6330000000000005  
5825697  0.6340000000000005  
5869354  0.6350000000000005  
5908020  0.6360000000000005  
5938720  0.6370000000000005  
5974409  0.6380000000000005  
5998435  0.6390000000000005  
6005869  0.6400000000000005  
6016425  0.6410000000000005  
6034915  0.6420000000000005  
6053165  0.6430000000000005  
6086798  0.6440000000000005  
6124351  0.6450000000000005  
6153617  0.6460000000000005  
6196135  0.6470000000000005  
6232766  0.6480000000000005  
6272917  0.6490000000000005  
6316678  0.6500000000000005  
6360542  0.6510000000000005  
6409494  0.6520000000000005  
6454841  0.6530000000000005  
6505918  0.6540000000000005  
6550071  0.6550000000000005  
6597787  0.6560000000000005  
6655685  0.6570000000000005  
6709330  0.6580000000000005  
6764598  0.6590000000000005  
6825424  0.6600000000000005  
6887696  0.6610000000000005  
6949749  0.6620000000000005  
7009879  0.6630000000000005  
7063559  0.6640000000000005  
7128125  0.6650000000000005  
7203408  0.6660000000000005  
7264911  0.6670000000000005  
7340462  0.6680000000000005  
7402349  0.6690000000000005  
7471809  0.6700000000000005  
7541656  0.6710000000000005  
7612683  0.6720000000000005  
7685951  0.6730000000000005  
7756447  0.6740000000000005  
7822941  0.6750000000000005  
7894385  0.6760000000000005  
7965346  0.6770000000000005  
8041995  0.6780000000000005  
8104250  0.6790000000000005  
8171821  0.6800000000000005  
8246952  0.6810000000000005  
8315309  0.6820000000000005  
8396667  0.6830000000000005  
8479124  0.6840000000000005  
8546267  0.6850000000000005  
8604706  0.6860000000000005  
8678051  0.6870000000000005  
8751731  0.6880000000000005  
8820704  0.6890000000000005  
8869283  0.6900000000000005  
8897857  0.6910000000000005  
8919262  0.6920000000000005  
8930643  0.6930000000000005  
8939773  0.6940000000000005  
8948216  0.6950000000000005  
8956263  0.6960000000000005  
8973438  0.6970000000000005  
8989698  0.6980000000000005  
8995675  0.6990000000000005  
8998425  0.7000000000000005  
9000457  0.7010000000000005  
9003076  0.7020000000000005  
9006808  0.7030000000000005  
9012528  0.7040000000000005  
9019480  0.7050000000000005  
9027961  0.7060000000000005  
9035700  0.7070000000000005  
9040528  0.7080000000000005  
9048864  0.7090000000000005  
9059423  0.7100000000000005  
9073185  0.7110000000000005  
9099065  0.7120000000000005  
9131593  0.7130000000000005  
9151819  0.7140000000000005  
9180366  0.7150000000000005  
9219300  0.7160000000000005  
9246555  0.7170000000000005  
9279697  0.7180000000000005  
9310296  0.7190000000000005  
9354357  0.7200000000000005  
9399188  0.7210000000000005  
9451834  0.7220000000000005  
9513285  0.7230000000000005  
9579505  0.7240000000000005  
9640396  0.7250000000000005  
9704080  0.7260000000000005  
9770031  0.7270000000000005  
9836633  0.7280000000000005  
9896907  0.7290000000000005  
9952755  0.7300000000000005  
10000516  0.7310000000000005  
10053191  0.7320000000000005  
10104426  0.7330000000000005  
10163333  0.7340000000000005  
10227434  0.7350000000000005  
10294558  0.7360000000000005  
10353983  0.7370000000000005  
10419788  0.7380000000000005  
10484900  0.7390000000000005  
10553284  0.7400000000000005  
10618523  0.7410000000000005  
10687994  0.7420000000000005  
10770296  0.7430000000000005  
10837095  0.7440000000000005  
10910615  0.7450000000000006  
10975634  0.7460000000000006  
11045236  0.7470000000000006  
11121601  0.7480000000000006  
11195684  0.7490000000000006  
11272365  0.7500000000000006  
11346009  0.7510000000000006  
11410445  0.7520000000000006  
11485148  0.7530000000000006  
11564574  0.7540000000000006  
11644591  0.7550000000000006  
11718873  0.7560000000000006  
11788400  0.7570000000000006  
11863436  0.7580000000000006  
11931362  0.7590000000000006  
11982303  0.7600000000000006  
12013839  0.7610000000000006  
12063648  0.7620000000000006  
12123949  0.7630000000000006  
12187020  0.7640000000000006  
12247744  0.7650000000000006  
12309563  0.7660000000000006  
12364730  0.7670000000000006  
12430363  0.7680000000000006  
12501119  0.7690000000000006  
12587675  0.7700000000000006  
12668418  0.7710000000000006  
12758487  0.7720000000000006  
12848965  0.7730000000000006  
12932732  0.7740000000000006  
13015328  0.7750000000000006  
13109310  0.7760000000000006  
13204927  0.7770000000000006  
13301172  0.7780000000000006  
13384975  0.7790000000000006  
13466138  0.7800000000000006  
13552745  0.7810000000000006  
13637566  0.7820000000000006  
13720551  0.7830000000000006  
13805781  0.7840000000000006  
13889789  0.7850000000000006  
13985354  0.7860000000000006  
14061398  0.7870000000000006  
14135500  0.7880000000000006  
14222634  0.7890000000000006  
14316161  0.7900000000000006  
14401135  0.7910000000000006  
14484759  0.7920000000000006  
14582170  0.7930000000000006  
14680034  0.7940000000000006  
14778231  0.7950000000000006  
14880427  0.7960000000000006  
14969767  0.7970000000000006  
15030187  0.7980000000000006  
15118137  0.7990000000000006  
15201601  0.8000000000000006  
15293341  0.8010000000000006  
15378811  0.8020000000000006  
15447158  0.8030000000000006  
15530368  0.8040000000000006  
15615361  0.8050000000000006  
15697181  0.8060000000000006  
15799075  0.8070000000000006  
15888060  0.8080000000000006  
15968681  0.8090000000000006  
16036465  0.8100000000000006  
16111699  0.8110000000000006  
16200890  0.8120000000000006  
16284656  0.8130000000000006  
16354768  0.8140000000000006  
16427796  0.8150000000000006  
16515187  0.8160000000000006  
16596029  0.8170000000000006  
16679080  0.8180000000000006  
16768411  0.8190000000000006  
16865382  0.8200000000000006  
16962750  0.8210000000000006  
17033598  0.8220000000000006  
17116186  0.8230000000000006  
17201403  0.8240000000000006  
17291638  0.8250000000000006  
17391210  0.8260000000000006  
17495803  0.8270000000000006  
17601494  0.8280000000000006  
17699813  0.8290000000000006  
17798436  0.8300000000000006  
17893029  0.8310000000000006  
17983822  0.8320000000000006  
18056150  0.8330000000000006  
18130973  0.8340000000000006  
18220471  0.8350000000000006  
18318325  0.8360000000000006  
18424508  0.8370000000000006  
18512136  0.8380000000000006  
18606987  0.8390000000000006  
18705501  0.8400000000000006  
18807134  0.8410000000000006  
18919221  0.8420000000000006  
19017002  0.8430000000000006  
19116439  0.8440000000000006  
19232525  0.8450000000000006  
19344884  0.8460000000000006  
19463850  0.8470000000000006  
19585992  0.8480000000000006  
19706026  0.8490000000000006  
19797676  0.8500000000000006  
19904370  0.8510000000000006  
19989580  0.8520000000000006  
20026016  0.8530000000000006  
20094484  0.8540000000000006  
20182588  0.8550000000000006  
20279957  0.8560000000000006  
20365530  0.8570000000000007  
20437236  0.8580000000000007  
20520160  0.8590000000000007  
20612834  0.8600000000000007  
20708170  0.8610000000000007  
20807487  0.8620000000000007  
20902078  0.8630000000000007  
20986362  0.8640000000000007  
21023685  0.8650000000000007  
21099379  0.8660000000000007  
21191684  0.8670000000000007  
21274924  0.8680000000000007  
21367020  0.8690000000000007  
21478288  0.8700000000000007  
21591429  0.8710000000000007  
21695008  0.8720000000000007  
21790688  0.8730000000000007  
21920609  0.8740000000000007  
22030104  0.8750000000000007  
22137020  0.8760000000000007  
22258305  0.8770000000000007  
22373903  0.8780000000000007  
22486379  0.8790000000000007  
22590071  0.8800000000000007  
22699333  0.8810000000000007  
22815820  0.8820000000000007  
22924913  0.8830000000000007  
23025912  0.8840000000000007  
23130806  0.8850000000000007  
23237658  0.8860000000000007  
23342231  0.8870000000000007  
23458663  0.8880000000000007  
23584557  0.8890000000000007  
23693412  0.8900000000000007  
23802731  0.8910000000000007  
23904880  0.8920000000000007  
23975924  0.8930000000000007  
24033361  0.8940000000000007  
24114885  0.8950000000000007  
24199969  0.8960000000000007  
24294631  0.8970000000000007  
24390900  0.8980000000000007  
24510727  0.8990000000000007  
24622045  0.9000000000000007  
24719454  0.9010000000000007  
24831792  0.9020000000000007  
24941791  0.9030000000000007  
25024867  0.9040000000000007  
25114483  0.9050000000000007  
25204374  0.9060000000000007  
25302424  0.9070000000000007  
25405628  0.9080000000000007  
25507448  0.9090000000000007  
25594061  0.9100000000000007  
25699778  0.9110000000000007  
25824520  0.9120000000000007  
25921382  0.9130000000000007  
26011754  0.9140000000000007  
26096859  0.9150000000000007  
26189779  0.9160000000000007  
26281375  0.9170000000000007  
26385392  0.9180000000000007  
26476731  0.9190000000000007  
26589602  0.9200000000000007  
26680548  0.9210000000000007  
26799165  0.9220000000000007  
26898616  0.9230000000000007  
26988848  0.9240000000000007  
27060568  0.9250000000000007  
27145358  0.9260000000000007  
27224126  0.9270000000000007  
27316225  0.9280000000000007  
27399742  0.9290000000000007  
27483809  0.9300000000000007  
27580855  0.9310000000000007  
27670005  0.9320000000000007  
27757054  0.9330000000000007  
27856050  0.9340000000000007  
27941808  0.9350000000000007  
28021059  0.9360000000000007  
28083844  0.9370000000000007  
28163035  0.9380000000000007  
28220748  0.9390000000000007  
28266519  0.9400000000000007  
28336384  0.9410000000000007  
28395343  0.9420000000000007  
28462933  0.9430000000000007  
28529647  0.9440000000000007  
28597810  0.9450000000000007  
28662795  0.9460000000000007  
28725854  0.9470000000000007  
28784000  0.9480000000000007  
28848701  0.9490000000000007  
28912138  0.9500000000000007  
28969425  0.9510000000000007  
29009153  0.9520000000000007  
29053287  0.9530000000000007  
29089749  0.9540000000000007  
29135950  0.9550000000000007  
29179594  0.9560000000000007  
29199966  0.9570000000000007  
29254461  0.9580000000000007  
29286848  0.9590000000000007  
29311817  0.9600000000000007  
29351947  0.9610000000000007  
29385573  0.9620000000000007  
29398405  0.9630000000000007  
29431686  0.9640000000000007  
29462865  0.9650000000000007  
29488874  0.9660000000000007  
29494312  0.9670000000000007  
29508985  0.9680000000000007  
29539860  0.9690000000000007  
29565729  0.9700000000000008  
29589548  0.9710000000000008  
29596281  0.9720000000000008  
29610199  0.9730000000000008  
29631501  0.9740000000000008  
29653952  0.9750000000000008  
29676192  0.9760000000000008  
29693732  0.9770000000000008  
29700995  0.9780000000000008  
29717435  0.9790000000000008  
29738161  0.9800000000000008  
29756938  0.9810000000000008  
29772774  0.9820000000000008  
29788497  0.9830000000000008  
29798606  0.9840000000000008  
29807358  0.9850000000000008  
29821820  0.9860000000000008  
29839102  0.9870000000000008  
29853795  0.9880000000000008  
29867061  0.9890000000000008  
29881580  0.9900000000000008  
29896172  0.9910000000000008  
29905256  0.9920000000000008  
29917352  0.9930000000000008  
29931189  0.9940000000000008  
29943492  0.9950000000000008  
29954695  0.9960000000000008  
29965140  0.9970000000000008  
29976090  0.9980000000000008  
29986431  0.9990000000000008  
